# relative_time, cycles_done, cur_path, paths_total, pending_total, pending_favs, map_size, unique_crashes, unique_hangs, max_depth, execs_per_sec, total_execs, edges_found
61, 0, 347, 460, 246, 73, 31.77%, 0, 0, 4, 2.90, 53374, 570
66, 0, 347, 460, 246, 73, 31.77%, 0, 0, 4, 4.50, 53409, 570
71, 0, 450, 462, 247, 74, 31.88%, 0, 0, 4, 938.09, 57802, 572
76, 0, 446, 463, 247, 75, 31.94%, 0, 0, 4, 920.25, 62287, 573
81, 0, 454, 464, 247, 75, 32.00%, 0, 0, 4, 923.06, 66934, 574
86, 0, 447, 464, 246, 75, 32.00%, 0, 0, 4, 940.20, 71681, 574
91, 0, 453, 465, 246, 74, 32.05%, 0, 0, 4, 1011.81, 76752, 575
96, 0, 443, 466, 246, 74, 32.11%, 0, 0, 4, 988.15, 81701, 576
101, 0, 402, 466, 244, 73, 32.11%, 0, 0, 4, 1031.00, 87093, 576
107, 0, 457, 466, 243, 72, 32.11%, 0, 0, 4, 999.09, 92175, 576
118, 0, 459, 466, 242, 71, 32.11%, 0, 0, 4, 18.49, 95740, 576
123, 0, 459, 466, 242, 71, 32.11%, 0, 0, 4, 819.00, 99647, 576
128, 0, 459, 468, 244, 71, 32.11%, 0, 0, 4, 785.49, 103335, 576
133, 0, 459, 470, 246, 71, 32.16%, 0, 0, 4, 813.42, 107487, 577
138, 0, 436, 470, 245, 71, 32.16%, 0, 0, 4, 831.26, 111612, 577
143, 0, 436, 470, 245, 71, 32.16%, 0, 0, 4, 855.45, 115948, 577
149, 0, 436, 470, 245, 71, 32.16%, 0, 0, 4, 854.03, 120348, 577
154, 0, 427, 470, 244, 70, 32.16%, 0, 0, 4, 911.46, 125044, 577
159, 0, 427, 470, 244, 70, 32.16%, 0, 0, 4, 1047.31, 130300, 577
164, 0, 427, 470, 244, 70, 32.16%, 0, 0, 4, 1160.44, 136409, 577
169, 0, 442, 470, 243, 69, 32.16%, 0, 0, 4, 1033.98, 141297, 577
174, 0, 442, 470, 243, 69, 32.16%, 0, 0, 4, 1005.31, 146337, 577
179, 0, 439, 470, 242, 68, 32.16%, 0, 0, 4, 1005.96, 151394, 577
184, 0, 439, 470, 242, 68, 32.16%, 0, 0, 4, 1055.31, 156754, 577
189, 0, 439, 470, 242, 68, 32.16%, 0, 0, 4, 1077.26, 162390, 577
194, 0, 445, 470, 241, 67, 32.16%, 0, 0, 4, 1014.64, 167291, 577
199, 0, 445, 470, 241, 67, 32.16%, 0, 0, 4, 189.55, 171130, 577
204, 0, 445, 470, 241, 67, 32.16%, 0, 0, 4, 222.11, 173903, 577
210, 0, 445, 470, 241, 67, 32.16%, 0, 0, 4, 246.65, 175021, 577
215, 0, 437, 470, 240, 66, 32.16%, 0, 0, 4, 838.80, 180024, 577
220, 0, 437, 470, 240, 66, 32.16%, 0, 0, 4, 259.77, 181183, 577
225, 0, 437, 470, 240, 66, 32.16%, 0, 0, 4, 976.16, 185021, 577
230, 0, 437, 470, 240, 66, 32.16%, 0, 0, 4, 966.10, 189809, 577
235, 0, 419, 470, 239, 65, 32.16%, 0, 0, 4, 1003.14, 195043, 577
242, 0, 419, 470, 239, 65, 32.16%, 0, 0, 4, 66.38, 199350, 577
247, 0, 419, 470, 239, 65, 32.16%, 0, 0, 4, 970.90, 204119, 577
252, 0, 455, 470, 238, 64, 32.16%, 0, 0, 4, 964.04, 208969, 577
257, 0, 455, 470, 238, 64, 32.16%, 0, 0, 4, 958.33, 213548, 577
262, 0, 455, 470, 238, 64, 32.16%, 0, 0, 4, 972.81, 218260, 577
269, 0, 449, 470, 237, 63, 32.16%, 0, 0, 4, 46.40, 221649, 577
301, 0, 449, 470, 237, 63, 32.16%, 0, 0, 4, 5.64, 222441, 577
306, 0, 449, 470, 237, 63, 32.16%, 0, 0, 4, 804.91, 226717, 577
311, 0, 449, 470, 237, 63, 32.16%, 0, 0, 4, 745.28, 230502, 577
317, 0, 449, 470, 237, 63, 32.16%, 0, 0, 4, 671.82, 233876, 577
322, 0, 456, 470, 236, 62, 32.16%, 0, 0, 4, 720.49, 237528, 577
327, 0, 456, 470, 236, 62, 32.16%, 0, 0, 4, 863.75, 241430, 577
332, 0, 456, 470, 236, 62, 32.16%, 0, 0, 4, 849.00, 245680, 577
337, 0, 461, 470, 235, 61, 32.16%, 0, 0, 4, 130.91, 249737, 577
342, 0, 461, 470, 235, 61, 32.16%, 0, 0, 4, 880.89, 253686, 577
347, 0, 461, 470, 235, 61, 32.16%, 0, 0, 4, 147.06, 257231, 577
352, 0, 461, 470, 235, 61, 32.16%, 0, 0, 4, 897.32, 261710, 577
357, 0, 378, 470, 234, 60, 32.16%, 0, 0, 4, 901.61, 266083, 577
362, 0, 378, 470, 234, 60, 32.16%, 0, 0, 4, 956.07, 270935, 577
368, 0, 452, 470, 233, 59, 32.16%, 0, 0, 4, 951.76, 275696, 577
373, 0, 452, 470, 233, 59, 32.16%, 0, 0, 4, 806.01, 279430, 577
378, 0, 452, 470, 233, 59, 32.16%, 0, 0, 4, 807.59, 282982, 577
383, 0, 452, 470, 233, 59, 32.16%, 0, 0, 4, 911.77, 287238, 577
388, 0, 411, 471, 233, 58, 32.33%, 0, 0, 4, 832.76, 291396, 580
393, 0, 411, 471, 233, 58, 32.33%, 0, 0, 4, 889.74, 295930, 580
399, 0, 411, 471, 233, 58, 32.33%, 0, 0, 4, 899.47, 300491, 580
404, 0, 372, 471, 232, 58, 32.33%, 0, 0, 4, 853.98, 304480, 580
409, 0, 372, 471, 232, 58, 32.33%, 0, 0, 4, 916.54, 308334, 580
414, 0, 372, 471, 232, 58, 32.33%, 0, 0, 4, 868.86, 312834, 580
419, 0, 372, 471, 232, 58, 32.33%, 0, 0, 4, 82.64, 314288, 580
424, 0, 470, 471, 231, 57, 32.33%, 0, 0, 4, 808.61, 317880, 580
429, 0, 470, 472, 232, 57, 33.11%, 0, 0, 5, 899.70, 321764, 594
434, 0, 470, 472, 232, 57, 33.11%, 0, 0, 5, 835.86, 325920, 594
439, 0, 470, 473, 233, 57, 33.11%, 0, 0, 5, 112.00, 329198, 594
445, 0, 471, 474, 233, 57, 33.22%, 0, 0, 6, 900.16, 333424, 596
450, 0, 471, 474, 233, 57, 33.22%, 0, 0, 6, 1012.82, 338717, 596
455, 0, 471, 474, 233, 57, 33.22%, 0, 0, 6, 896.01, 343005, 596
460, 0, 468, 475, 233, 57, 33.22%, 0, 0, 6, 855.73, 347303, 596
465, 0, 468, 475, 233, 57, 33.22%, 0, 0, 6, 831.16, 350674, 596
470, 0, 468, 475, 233, 57, 33.22%, 0, 0, 6, 10.45, 353167, 596
476, 0, 468, 475, 233, 57, 33.22%, 0, 0, 6, 13.01, 353233, 596
482, 0, 468, 475, 233, 57, 33.22%, 0, 0, 6, 49.94, 353561, 596
487, 0, 468, 475, 233, 57, 33.22%, 0, 0, 6, 767.13, 357237, 596
492, 0, 468, 475, 233, 57, 33.22%, 0, 0, 6, 676.65, 358588, 596
497, 0, 468, 475, 233, 57, 33.22%, 0, 0, 6, 864.18, 362586, 596
502, 0, 468, 475, 233, 57, 33.22%, 0, 0, 6, 841.45, 366674, 596
507, 0, 468, 475, 233, 57, 33.22%, 0, 0, 6, 839.67, 370690, 596
512, 0, 468, 475, 233, 57, 33.22%, 0, 0, 6, 831.38, 374786, 596
517, 0, 415, 475, 232, 56, 33.22%, 0, 0, 6, 885.99, 379252, 596
522, 0, 415, 475, 232, 56, 33.22%, 0, 0, 6, 948.92, 383997, 596
527, 0, 432, 475, 231, 55, 33.22%, 0, 0, 6, 974.46, 389186, 596
532, 0, 432, 475, 231, 55, 33.22%, 0, 0, 6, 902.56, 393703, 596
537, 0, 391, 475, 230, 54, 33.22%, 0, 0, 6, 715.91, 397190, 596
543, 0, 391, 475, 230, 54, 33.22%, 0, 0, 6, 611.31, 400342, 596
548, 0, 404, 475, 229, 53, 33.22%, 0, 0, 6, 685.92, 403700, 596
553, 0, 404, 475, 229, 53, 33.22%, 0, 0, 6, 862.95, 408285, 596
558, 0, 441, 475, 228, 52, 33.22%, 0, 0, 6, 887.04, 412843, 596
563, 0, 441, 475, 228, 52, 33.22%, 0, 0, 6, 864.13, 417303, 596
568, 0, 368, 475, 227, 51, 33.22%, 0, 0, 6, 939.77, 422095, 596
573, 0, 368, 475, 227, 51, 33.22%, 0, 0, 6, 1010.76, 426799, 596
578, 0, 407, 475, 226, 50, 33.22%, 0, 0, 6, 972.29, 431714, 596
596, 0, 408, 475, 225, 49, 33.22%, 0, 0, 6, 12.98, 435461, 596
601, 0, 408, 475, 225, 49, 33.22%, 0, 0, 6, 897.40, 439630, 596
606, 0, 473, 475, 224, 48, 33.22%, 0, 0, 6, 967.04, 444614, 596
611, 0, 473, 475, 224, 48, 33.22%, 0, 0, 6, 977.66, 449592, 596
616, 0, 420, 475, 223, 47, 33.22%, 0, 0, 6, 963.40, 454445, 596
621, 0, 420, 475, 223, 47, 33.22%, 0, 0, 6, 946.74, 459191, 596
626, 0, 190, 475, 222, 46, 33.22%, 0, 0, 6, 896.26, 463642, 596
632, 0, 190, 475, 222, 46, 33.22%, 0, 0, 6, 821.66, 467686, 596
637, 0, 190, 475, 222, 46, 33.22%, 0, 0, 6, 781.39, 470395, 596
642, 0, 190, 475, 222, 46, 33.22%, 0, 0, 6, 730.24, 474304, 596
647, 0, 190, 475, 222, 46, 33.22%, 0, 0, 6, 706.69, 477832, 596
652, 0, 190, 476, 223, 46, 33.22%, 0, 0, 6, 806.62, 482013, 596
657, 0, 444, 476, 222, 45, 33.22%, 0, 0, 6, 854.89, 486260, 596
662, 0, 444, 476, 222, 45, 33.22%, 0, 0, 6, 867.73, 490442, 596
667, 0, 444, 476, 222, 45, 33.22%, 0, 0, 6, 840.25, 494763, 596
672, 0, 444, 476, 222, 45, 33.22%, 0, 0, 6, 944.69, 498859, 596
677, 0, 444, 476, 222, 45, 33.22%, 0, 0, 6, 825.96, 502818, 596
683, 0, 444, 476, 222, 45, 33.22%, 0, 0, 6, 888.07, 507289, 596
688, 0, 410, 476, 221, 44, 33.22%, 0, 0, 6, 928.88, 512049, 596
693, 0, 410, 476, 221, 44, 33.22%, 0, 0, 6, 932.75, 516909, 596
698, 0, 410, 476, 221, 44, 33.22%, 0, 0, 6, 934.21, 521643, 596
703, 0, 410, 476, 221, 44, 33.22%, 0, 0, 6, 970.97, 526562, 596
708, 0, 410, 476, 221, 44, 33.22%, 0, 0, 6, 962.31, 531445, 596
713, 0, 474, 480, 224, 43, 33.22%, 0, 0, 6, 925.57, 536094, 596
718, 0, 474, 481, 225, 43, 33.22%, 0, 0, 6, 903.52, 540584, 596
723, 0, 474, 481, 225, 43, 33.22%, 0, 0, 6, 882.55, 544997, 596
728, 0, 474, 481, 225, 43, 33.22%, 0, 0, 6, 896.74, 549485, 596
733, 0, 474, 481, 225, 43, 33.22%, 0, 0, 6, 886.21, 553820, 596
738, 0, 474, 481, 225, 43, 33.22%, 0, 0, 6, 908.31, 558404, 596
744, 0, 474, 481, 225, 43, 33.22%, 0, 0, 6, 888.54, 563017, 596
749, 0, 480, 481, 224, 43, 33.22%, 0, 0, 6, 858.35, 567206, 596
754, 0, 480, 481, 224, 43, 33.22%, 0, 0, 6, 877.06, 571082, 596
759, 0, 480, 481, 224, 43, 33.22%, 0, 0, 6, 863.76, 575196, 596
764, 0, 480, 481, 224, 43, 33.22%, 0, 0, 6, 756.22, 579479, 596
769, 0, 480, 481, 224, 43, 33.22%, 0, 0, 6, 3.39, 581763, 596
775, 0, 480, 481, 224, 43, 33.22%, 0, 0, 6, 39.43, 581901, 596
780, 0, 480, 482, 225, 43, 33.22%, 0, 0, 6, 844.97, 584409, 596
786, 0, 480, 482, 225, 43, 33.22%, 0, 0, 6, 21.24, 587497, 596
791, 0, 480, 482, 225, 43, 33.22%, 0, 0, 6, 121.48, 587863, 596
796, 0, 480, 482, 225, 43, 33.22%, 0, 0, 6, 90.55, 587960, 596
801, 0, 480, 482, 225, 43, 33.22%, 0, 0, 6, 728.48, 589803, 596
806, 0, 480, 482, 225, 43, 33.22%, 0, 0, 6, 847.14, 594265, 596
811, 0, 480, 482, 225, 43, 33.22%, 0, 0, 6, 886.78, 598766, 596
816, 0, 140, 484, 226, 42, 33.22%, 0, 0, 6, 957.60, 603775, 596
821, 0, 400, 485, 226, 42, 33.44%, 0, 0, 6, 981.80, 608746, 600
827, 0, 400, 485, 226, 42, 33.44%, 0, 0, 6, 1131.18, 614268, 600
832, 0, 384, 485, 225, 41, 33.44%, 0, 0, 6, 1254.25, 619063, 600
837, 0, 460, 485, 224, 40, 33.44%, 0, 0, 6, 1086.06, 624347, 600
842, 0, 460, 485, 224, 40, 33.44%, 0, 0, 6, 1038.26, 629675, 600
847, 0, 398, 485, 223, 39, 33.44%, 0, 0, 6, 990.25, 634695, 600
852, 0, 398, 485, 223, 39, 33.44%, 0, 0, 6, 116.23, 638967, 600
857, 0, 451, 485, 222, 38, 33.44%, 0, 0, 6, 925.19, 643474, 600
862, 0, 451, 485, 222, 38, 33.44%, 0, 0, 6, 953.33, 648277, 600
867, 0, 406, 485, 221, 37, 33.44%, 0, 0, 6, 973.53, 653202, 600
872, 0, 434, 485, 220, 36, 33.44%, 0, 0, 6, 965.76, 658020, 600
877, 0, 434, 485, 220, 36, 33.44%, 0, 0, 6, 982.27, 662998, 600
882, 0, 438, 485, 219, 35, 33.44%, 0, 0, 6, 938.50, 667535, 600
887, 0, 438, 485, 219, 35, 33.44%, 0, 0, 6, 1012.31, 672545, 600
893, 0, 471, 485, 218, 34, 33.44%, 0, 0, 6, 1016.51, 677897, 600
898, 0, 435, 486, 219, 34, 33.44%, 0, 0, 6, 985.42, 682754, 600
903, 0, 435, 486, 219, 34, 33.44%, 0, 0, 6, 936.23, 687389, 600
908, 0, 458, 486, 218, 34, 33.44%, 0, 0, 6, 910.61, 691868, 600
913, 0, 458, 486, 218, 34, 33.44%, 0, 0, 6, 991.57, 696716, 600
918, 0, 375, 486, 217, 33, 33.44%, 0, 0, 6, 963.07, 701507, 600
923, 0, 375, 486, 217, 33, 33.44%, 0, 0, 6, 1058.90, 706503, 600
929, 0, 393, 486, 216, 32, 33.44%, 0, 0, 6, 744.79, 709837, 600
934, 0, 393, 486, 216, 32, 33.44%, 0, 0, 6, 640.46, 712885, 600
939, 0, 41, 486, 215, 31, 33.44%, 0, 0, 6, 814.70, 716816, 600
944, 0, 41, 486, 215, 31, 33.44%, 0, 0, 6, 974.38, 722102, 600
949, 0, 11, 486, 214, 30, 33.44%, 0, 0, 6, 908.51, 726614, 600
954, 0, 11, 486, 214, 30, 33.44%, 0, 0, 6, 875.92, 730989, 600
959, 0, 382, 486, 213, 29, 33.44%, 0, 0, 6, 995.52, 736258, 600
964, 0, 383, 488, 215, 29, 33.56%, 0, 0, 6, 1003.96, 741328, 602
969, 0, 383, 488, 215, 29, 33.56%, 0, 0, 6, 1002.52, 746368, 602
974, 0, 423, 488, 214, 29, 33.56%, 0, 0, 6, 997.41, 751559, 602
979, 0, 422, 488, 213, 28, 33.56%, 0, 0, 6, 971.91, 756475, 602
984, 0, 422, 488, 213, 28, 33.56%, 0, 0, 6, 986.91, 761491, 602
989, 0, 448, 488, 212, 27, 33.56%, 0, 0, 6, 992.15, 766504, 602
994, 0, 448, 488, 212, 27, 33.56%, 0, 0, 6, 992.70, 771520, 602
999, 0, 464, 488, 211, 26, 33.56%, 0, 0, 6, 983.70, 776476, 602
1004, 0, 485, 489, 211, 25, 33.56%, 0, 0, 6, 994.98, 781476, 602
1009, 0, 485, 489, 211, 25, 33.56%, 0, 0, 6, 1019.24, 786665, 602
1015, 0, 387, 489, 210, 24, 33.56%, 0, 0, 6, 984.63, 791663, 602
1020, 0, 387, 489, 210, 24, 33.56%, 0, 0, 6, 1004.71, 796755, 602
1025, 0, 471, 489, 209, 23, 33.56%, 0, 0, 6, 925.87, 801318, 602
1030, 0, 425, 489, 209, 23, 33.56%, 0, 0, 6, 967.84, 806215, 602
1035, 0, 425, 489, 209, 23, 33.56%, 0, 0, 6, 1005.47, 811110, 602
1040, 0, 424, 489, 208, 22, 33.56%, 0, 0, 6, 994.95, 815552, 602
1045, 0, 424, 489, 208, 22, 33.56%, 0, 0, 6, 952.80, 820188, 602
1050, 0, 405, 489, 207, 21, 33.56%, 0, 0, 6, 972.70, 825094, 602
1055, 0, 405, 489, 207, 21, 33.56%, 0, 0, 6, 906.27, 829305, 602
1060, 0, 484, 490, 207, 20, 33.56%, 0, 0, 6, 973.26, 834266, 602
1065, 0, 211, 490, 206, 19, 33.56%, 0, 0, 6, 85.75, 838098, 602
1071, 0, 211, 490, 206, 19, 33.56%, 0, 0, 6, 2.48, 838136, 602
1076, 0, 211, 491, 207, 19, 33.56%, 0, 0, 6, 13.42, 838238, 602
1082, 0, 211, 491, 207, 19, 33.56%, 0, 0, 6, 110.21, 838778, 602
1087, 0, 211, 491, 207, 19, 33.56%, 0, 0, 6, 117.80, 839394, 602
1092, 0, 211, 491, 207, 19, 33.56%, 0, 0, 6, 112.86, 839958, 602
1097, 0, 211, 491, 207, 19, 33.56%, 0, 0, 6, 110.72, 840500, 602
1102, 0, 211, 491, 207, 19, 33.56%, 0, 0, 6, 113.77, 841080, 602
1107, 0, 211, 491, 207, 19, 33.56%, 0, 0, 6, 123.53, 841634, 602
1112, 0, 211, 491, 207, 19, 33.56%, 0, 0, 6, 119.30, 842180, 602
1117, 0, 211, 491, 207, 19, 33.56%, 0, 0, 6, 122.46, 842792, 602
1122, 0, 211, 491, 207, 19, 33.56%, 0, 0, 6, 114.92, 843368, 602
1128, 0, 211, 491, 207, 19, 33.56%, 0, 0, 6, 15.32, 843618, 602
1134, 0, 211, 491, 207, 19, 33.56%, 0, 0, 6, 14.14, 843686, 602
1139, 0, 211, 491, 207, 19, 33.56%, 0, 0, 6, 98.10, 843961, 602
1144, 0, 211, 491, 207, 19, 33.56%, 0, 0, 6, 118.99, 844604, 602
1149, 0, 211, 491, 207, 19, 33.56%, 0, 0, 6, 118.55, 845212, 602
1154, 0, 211, 491, 207, 19, 33.56%, 0, 0, 6, 120.99, 845798, 602
1159, 0, 211, 491, 207, 19, 33.56%, 0, 0, 6, 120.99, 846428, 602
1164, 0, 211, 491, 207, 19, 33.56%, 0, 0, 6, 112.54, 846984, 602
1169, 0, 211, 491, 207, 19, 33.56%, 0, 0, 6, 112.05, 847480, 602
1174, 0, 211, 491, 207, 19, 33.56%, 0, 0, 6, 116.72, 847864, 602
1180, 0, 211, 491, 207, 19, 33.56%, 0, 0, 6, 11.02, 847982, 602
1185, 0, 211, 491, 207, 19, 33.56%, 0, 0, 6, 109.58, 848418, 602
1190, 0, 211, 491, 207, 19, 33.56%, 0, 0, 6, 113.37, 848982, 602
1195, 0, 211, 491, 207, 19, 33.56%, 0, 0, 6, 112.42, 849556, 602
1200, 0, 211, 491, 207, 19, 33.56%, 0, 0, 6, 120.01, 850158, 602
1205, 0, 211, 491, 207, 19, 33.56%, 0, 0, 6, 112.83, 850708, 602
1210, 0, 211, 491, 207, 19, 33.56%, 0, 0, 6, 58.51, 851120, 602
1215, 0, 211, 491, 207, 19, 33.56%, 0, 0, 6, 105.09, 851718, 602
1220, 0, 211, 491, 207, 19, 33.56%, 0, 0, 6, 108.99, 852280, 602
1226, 0, 211, 491, 207, 19, 33.56%, 0, 0, 6, 117.80, 852900, 602
1231, 0, 211, 491, 207, 19, 33.56%, 0, 0, 6, 115.32, 853434, 602
1236, 0, 211, 491, 207, 19, 33.56%, 0, 0, 6, 29.21, 853969, 602
1241, 0, 211, 491, 207, 19, 33.56%, 0, 0, 6, 21.21, 854302, 602
1246, 0, 211, 491, 207, 19, 33.56%, 0, 0, 6, 90.92, 854818, 602
1251, 0, 211, 491, 207, 19, 33.56%, 0, 0, 6, 110.49, 855414, 602
1257, 0, 211, 491, 207, 19, 33.56%, 0, 0, 6, 115.21, 856022, 602
1262, 0, 211, 491, 207, 19, 33.56%, 0, 0, 6, 115.92, 856564, 602
1267, 0, 211, 491, 207, 19, 33.56%, 0, 0, 6, 112.29, 857092, 602
1272, 0, 211, 491, 207, 19, 33.56%, 0, 0, 6, 108.40, 857574, 602
1277, 0, 211, 491, 207, 19, 33.56%, 0, 0, 6, 110.56, 858102, 602
1282, 0, 211, 491, 207, 19, 33.56%, 0, 0, 6, 15.21, 858510, 602
1288, 0, 211, 491, 207, 19, 33.56%, 0, 0, 6, 2.71, 858571, 602
1293, 0, 211, 491, 207, 19, 33.56%, 0, 0, 6, 2.44, 858716, 602
1298, 0, 211, 491, 207, 19, 33.56%, 0, 0, 6, 98.30, 859278, 602
1303, 0, 211, 491, 207, 19, 33.56%, 0, 0, 6, 113.54, 859854, 602
1308, 0, 211, 491, 207, 19, 33.56%, 0, 0, 6, 109.62, 860426, 602
1314, 0, 211, 491, 207, 19, 33.56%, 0, 0, 6, 106.11, 860952, 602
1319, 0, 211, 491, 207, 19, 33.56%, 0, 0, 6, 106.72, 861502, 602
1324, 0, 211, 491, 207, 19, 33.56%, 0, 0, 6, 4.76, 861612, 602
1329, 0, 211, 491, 207, 19, 33.56%, 0, 0, 6, 91.97, 862119, 602
1334, 0, 211, 491, 207, 19, 33.56%, 0, 0, 6, 100.83, 862624, 602
1339, 0, 382, 491, 206, 18, 33.56%, 0, 0, 6, 919.37, 867074, 602
1344, 0, 382, 491, 206, 18, 33.56%, 0, 0, 6, 1007.06, 872222, 602
1349, 0, 382, 491, 206, 18, 33.56%, 0, 0, 6, 1001.24, 877274, 602
1355, 0, 382, 491, 206, 18, 33.56%, 0, 0, 6, 1016.16, 882522, 602
1360, 0, 382, 491, 206, 18, 33.56%, 0, 0, 6, 978.55, 887173, 602
1365, 0, 429, 491, 206, 18, 33.56%, 0, 0, 6, 1011.28, 892338, 602
1370, 0, 429, 491, 206, 18, 33.56%, 0, 0, 6, 937.05, 897050, 602
1375, 0, 429, 491, 206, 18, 33.56%, 0, 0, 6, 924.83, 901568, 602
1380, 0, 429, 491, 206, 18, 33.56%, 0, 0, 6, 1016.53, 906458, 602
1385, 0, 429, 491, 206, 18, 33.56%, 0, 0, 6, 984.38, 911407, 602
1390, 0, 486, 491, 206, 18, 33.56%, 0, 0, 6, 972.88, 916136, 602
1395, 0, 486, 491, 206, 18, 33.56%, 0, 0, 6, 1057.44, 921628, 602
1400, 0, 486, 491, 206, 18, 33.56%, 0, 0, 6, 1014.23, 926702, 602
1406, 0, 486, 491, 206, 18, 33.56%, 0, 0, 6, 1006.53, 931562, 602
1411, 0, 14, 491, 205, 17, 33.56%, 0, 0, 6, 1001.09, 936689, 602
1416, 0, 14, 491, 205, 17, 33.56%, 0, 0, 6, 925.29, 941203, 602
1421, 0, 14, 491, 205, 17, 33.56%, 0, 0, 6, 890.26, 944833, 602
1426, 0, 14, 491, 205, 17, 33.56%, 0, 0, 6, 920.65, 949681, 602
1431, 0, 14, 491, 205, 17, 33.56%, 0, 0, 6, 873.84, 954013, 602
1436, 0, 14, 491, 205, 17, 33.56%, 0, 0, 6, 875.23, 958467, 602
1441, 0, 462, 491, 204, 16, 33.56%, 0, 0, 6, 931.20, 963128, 602
1446, 0, 462, 491, 204, 16, 33.56%, 0, 0, 6, 983.40, 968183, 602
1451, 0, 462, 491, 204, 16, 33.56%, 0, 0, 6, 991.51, 973199, 602
1457, 0, 462, 491, 204, 16, 33.56%, 0, 0, 6, 1009.48, 978478, 602
1462, 0, 462, 491, 204, 16, 33.56%, 0, 0, 6, 999.84, 983538, 602
1467, 0, 372, 491, 203, 15, 33.56%, 0, 0, 6, 996.43, 988693, 602
1472, 0, 372, 491, 203, 15, 33.56%, 0, 0, 6, 996.77, 993709, 602
1477, 0, 372, 491, 203, 15, 33.56%, 0, 0, 6, 1018.42, 998794, 602
1482, 0, 372, 491, 203, 15, 33.56%, 0, 0, 6, 1029.94, 1004014, 602
1487, 0, 372, 491, 203, 15, 33.56%, 0, 0, 6, 986.20, 1008833, 602
1492, 0, 416, 491, 203, 15, 33.56%, 0, 0, 6, 1008.86, 1013961, 602
1497, 0, 416, 491, 203, 15, 33.56%, 0, 0, 6, 989.25, 1018562, 602
1502, 0, 416, 491, 203, 15, 33.56%, 0, 0, 6, 995.70, 1023445, 602
1507, 0, 416, 491, 203, 15, 33.56%, 0, 0, 6, 1010.37, 1028541, 602
1512, 0, 416, 491, 203, 15, 33.56%, 0, 0, 6, 1043.47, 1033841, 602
1517, 0, 471, 491, 202, 14, 33.56%, 0, 0, 6, 1050.92, 1039165, 602
1523, 0, 471, 491, 202, 14, 33.56%, 0, 0, 6, 998.95, 1043898, 602
1528, 0, 471, 491, 202, 14, 33.56%, 0, 0, 6, 1021.51, 1049137, 602
1533, 0, 471, 491, 202, 14, 33.56%, 0, 0, 6, 1046.14, 1054597, 602
1538, 0, 431, 491, 202, 14, 33.56%, 0, 0, 6, 1044.59, 1059853, 602
1543, 0, 431, 491, 202, 14, 33.56%, 0, 0, 6, 1064.86, 1065211, 602
1548, 0, 431, 491, 202, 14, 33.56%, 0, 0, 6, 1042.01, 1070513, 602
1553, 0, 431, 491, 202, 14, 33.56%, 0, 0, 6, 1085.61, 1075984, 602
1558, 0, 431, 491, 202, 14, 33.56%, 0, 0, 6, 1039.65, 1081153, 602
1563, 0, 466, 492, 203, 14, 33.56%, 0, 0, 6, 964.61, 1086003, 602
1568, 0, 466, 492, 203, 14, 33.56%, 0, 0, 6, 881.84, 1090243, 602
1573, 0, 466, 492, 203, 14, 33.56%, 0, 0, 6, 904.19, 1094824, 602
1578, 0, 466, 492, 203, 14, 33.56%, 0, 0, 6, 919.12, 1099432, 602
1583, 0, 466, 492, 203, 14, 33.56%, 0, 0, 6, 928.00, 1104148, 602
1589, 0, 466, 492, 203, 14, 33.56%, 0, 0, 6, 855.09, 1108501, 602
1594, 0, 466, 492, 203, 14, 33.56%, 0, 0, 6, 884.78, 1112377, 602
1599, 0, 487, 492, 202, 13, 33.56%, 0, 0, 6, 885.21, 1116831, 602
1604, 0, 487, 493, 203, 13, 33.61%, 0, 0, 6, 991.79, 1121941, 603
1609, 0, 487, 493, 203, 13, 33.61%, 0, 0, 6, 212.76, 1122625, 603
1614, 0, 492, 493, 202, 13, 33.61%, 0, 0, 6, 1067.95, 1127222, 603
1619, 0, 492, 494, 203, 13, 33.67%, 0, 0, 6, 1067.22, 1132606, 604
1625, 0, 389, 494, 202, 13, 33.67%, 0, 0, 6, 641.33, 1135457, 604
1630, 0, 389, 494, 202, 13, 33.67%, 0, 0, 6, 646.30, 1138817, 604
1635, 0, 471, 494, 201, 12, 33.67%, 0, 0, 6, 758.22, 1142477, 604
1640, 0, 471, 494, 201, 12, 33.67%, 0, 0, 6, 987.94, 1147893, 604
1645, 0, 429, 494, 201, 12, 33.67%, 0, 0, 6, 1043.47, 1153329, 604
1650, 0, 386, 494, 201, 12, 33.67%, 0, 0, 6, 1049.52, 1158771, 604
1655, 0, 386, 494, 201, 12, 33.67%, 0, 0, 6, 1056.91, 1164114, 604
1660, 0, 493, 495, 201, 11, 33.72%, 0, 0, 6, 1078.78, 1169613, 605
1665, 0, 494, 495, 200, 11, 33.72%, 0, 0, 6, 976.17, 1174349, 605
1670, 0, 494, 496, 201, 11, 34.95%, 0, 0, 7, 1007.57, 1179407, 627
1675, 0, 463, 496, 200, 11, 34.95%, 0, 0, 7, 1000.44, 1184432, 627
1680, 0, 463, 496, 200, 11, 34.95%, 0, 0, 7, 982.07, 1189345, 627
1686, 0, 495, 496, 199, 10, 34.95%, 0, 0, 7, 984.35, 1194334, 627
1691, 0, 414, 496, 198, 9, 34.95%, 0, 0, 7, 1009.10, 1199407, 627
1696, 0, 414, 496, 198, 9, 34.95%, 0, 0, 7, 1025.39, 1204447, 627
1701, 0, 492, 496, 197, 8, 34.95%, 0, 0, 7, 979.90, 1209393, 627
1706, 0, 492, 496, 197, 8, 34.95%, 0, 0, 7, 457.47, 1213143, 627
1711, 0, 382, 496, 197, 8, 34.95%, 0, 0, 7, 853.13, 1217815, 627
1716, 0, 382, 496, 197, 8, 34.95%, 0, 0, 7, 1002.03, 1222981, 627
1721, 0, 465, 496, 197, 8, 34.95%, 0, 0, 7, 885.21, 1227408, 627
1726, 0, 471, 496, 196, 7, 34.95%, 0, 0, 7, 991.35, 1232405, 627
1731, 0, 471, 496, 196, 7, 34.95%, 0, 0, 7, 978.64, 1237136, 627
1737, 0, 396, 496, 196, 7, 34.95%, 0, 0, 7, 919.68, 1241832, 627
1742, 0, 396, 496, 196, 7, 34.95%, 0, 0, 7, 866.71, 1245900, 627
1747, 0, 366, 496, 196, 7, 34.95%, 0, 0, 7, 959.52, 1250765, 627
1752, 0, 492, 496, 196, 7, 34.95%, 0, 0, 7, 1045.76, 1256184, 627
1757, 0, 492, 496, 196, 7, 34.95%, 0, 0, 7, 1087.22, 1261876, 627
1762, 0, 471, 496, 196, 7, 34.95%, 0, 0, 7, 1042.58, 1266676, 627
1767, 0, 471, 496, 196, 7, 34.95%, 0, 0, 7, 685.00, 1271653, 627
1772, 0, 458, 496, 196, 7, 34.95%, 0, 0, 7, 808.83, 1275876, 627
1777, 0, 471, 496, 196, 7, 34.95%, 0, 0, 7, 920.41, 1280794, 627
1783, 0, 471, 496, 196, 7, 34.95%, 0, 0, 7, 959.34, 1285813, 627
1788, 0, 495, 496, 196, 7, 34.95%, 0, 0, 7, 927.90, 1290624, 627
1793, 0, 495, 496, 196, 7, 34.95%, 0, 0, 7, 928.10, 1295304, 627
1798, 0, 388, 496, 196, 7, 34.95%, 0, 0, 7, 731.35, 1299011, 627
1803, 0, 388, 496, 196, 7, 34.95%, 0, 0, 7, 658.22, 1302325, 627
1808, 0, 443, 496, 195, 6, 34.95%, 0, 0, 7, 701.62, 1305811, 627
1813, 0, 443, 496, 195, 6, 34.95%, 0, 0, 7, 946.64, 1311039, 627
1819, 0, 492, 496, 195, 6, 34.95%, 0, 0, 7, 1001.98, 1316297, 627
1824, 0, 492, 496, 195, 6, 34.95%, 0, 0, 7, 1031.46, 1321601, 627
1829, 0, 101, 496, 195, 6, 34.95%, 0, 0, 7, 987.29, 1326402, 627
1834, 0, 382, 496, 194, 5, 34.95%, 0, 0, 7, 1007.43, 1331438, 627
1839, 0, 382, 496, 194, 5, 34.95%, 0, 0, 7, 1005.85, 1336558, 627
1844, 0, 392, 497, 195, 5, 35.12%, 0, 0, 7, 847.96, 1340745, 630
1849, 0, 392, 497, 195, 5, 35.12%, 0, 0, 7, 843.03, 1345145, 630
1854, 0, 463, 497, 194, 5, 35.12%, 0, 0, 7, 937.25, 1350051, 630
1859, 0, 496, 497, 194, 5, 35.12%, 0, 0, 7, 939.71, 1354798, 630
1864, 0, 496, 497, 194, 5, 35.12%, 0, 0, 7, 877.47, 1359137, 630
1870, 0, 496, 503, 199, 4, 35.12%, 0, 0, 7, 60.72, 1362898, 630
1875, 0, 510, 518, 214, 12, 35.40%, 0, 0, 7, 886.96, 1367390, 635
1880, 0, 509, 518, 213, 11, 35.40%, 0, 0, 7, 962.55, 1372389, 635
1885, 0, 509, 518, 213, 11, 35.40%, 0, 0, 7, 961.35, 1377234, 635
1890, 0, 514, 518, 212, 10, 35.40%, 0, 0, 7, 1002.51, 1382298, 635
1895, 0, 514, 518, 212, 10, 35.40%, 0, 0, 7, 978.66, 1387176, 635
1900, 0, 505, 518, 211, 9, 35.40%, 0, 0, 7, 917.20, 1391718, 635
1905, 0, 381, 518, 210, 8, 35.40%, 0, 0, 7, 912.24, 1396292, 635
1910, 0, 381, 518, 210, 8, 35.40%, 0, 0, 7, 985.34, 1401385, 635
1915, 0, 449, 518, 210, 8, 35.40%, 0, 0, 7, 983.78, 1406385, 635
1920, 0, 449, 518, 210, 8, 35.40%, 0, 0, 7, 1002.73, 1411424, 635
1925, 0, 429, 518, 210, 8, 35.40%, 0, 0, 7, 1014.58, 1416596, 635
1930, 0, 492, 518, 210, 8, 35.40%, 0, 0, 7, 1007.46, 1421708, 635
1935, 0, 492, 518, 210, 8, 35.40%, 0, 0, 7, 1027.31, 1426988, 635
1940, 0, 515, 518, 210, 8, 35.40%, 0, 0, 7, 1033.23, 1432211, 635
1945, 0, 508, 518, 209, 7, 35.40%, 0, 0, 7, 1015.44, 1437394, 635
1951, 0, 508, 518, 209, 7, 35.40%, 0, 0, 7, 978.22, 1442272, 635
1956, 0, 471, 518, 208, 6, 35.40%, 0, 0, 7, 982.71, 1447348, 635
1961, 0, 471, 518, 208, 6, 35.40%, 0, 0, 7, 963.93, 1452136, 635
1966, 0, 471, 518, 208, 6, 35.40%, 0, 0, 7, 956.47, 1456832, 635
1971, 0, 471, 518, 208, 6, 35.40%, 0, 0, 7, 952.56, 1461562, 635
1976, 0, 471, 518, 208, 6, 35.40%, 0, 0, 7, 950.33, 1466458, 635
1981, 0, 507, 518, 208, 6, 35.40%, 0, 0, 7, 910.93, 1470989, 635
1986, 0, 507, 518, 208, 6, 35.40%, 0, 0, 7, 966.80, 1476077, 635
1992, 0, 378, 518, 207, 5, 35.40%, 0, 0, 7, 974.01, 1480887, 635
1997, 0, 378, 518, 207, 5, 35.40%, 0, 0, 7, 950.68, 1485193, 635
2002, 0, 492, 518, 207, 5, 35.40%, 0, 0, 7, 1006.73, 1490257, 635
2007, 0, 382, 518, 207, 5, 35.40%, 0, 0, 7, 1038.06, 1495529, 635
2012, 0, 382, 518, 207, 5, 35.40%, 0, 0, 7, 1065.55, 1501031, 635
2017, 0, 506, 518, 207, 5, 35.40%, 0, 0, 7, 994.20, 1506169, 635
2022, 0, 443, 518, 206, 4, 35.40%, 0, 0, 7, 916.90, 1510910, 635
2027, 0, 443, 518, 206, 4, 35.40%, 0, 0, 7, 984.02, 1515900, 635
2032, 0, 238, 518, 206, 4, 35.40%, 0, 0, 7, 993.32, 1521089, 635
2037, 0, 238, 518, 206, 4, 35.40%, 0, 0, 7, 951.69, 1525858, 635
2043, 0, 238, 518, 206, 4, 35.40%, 0, 0, 7, 969.28, 1530798, 635
2048, 0, 238, 518, 206, 4, 35.40%, 0, 0, 7, 958.83, 1535681, 635
2053, 0, 238, 518, 206, 4, 35.40%, 0, 0, 7, 947.75, 1539947, 635
2058, 0, 381, 518, 205, 4, 35.40%, 0, 0, 7, 985.24, 1544943, 635
2063, 0, 381, 518, 205, 4, 35.40%, 0, 0, 7, 984.87, 1549199, 635
2068, 0, 381, 518, 205, 4, 35.40%, 0, 0, 7, 1042.77, 1554519, 635
2073, 0, 381, 518, 205, 4, 35.40%, 0, 0, 7, 998.97, 1559479, 635
2078, 0, 381, 518, 205, 4, 35.40%, 0, 0, 7, 963.20, 1564456, 635
2083, 0, 492, 518, 205, 4, 35.40%, 0, 0, 7, 948.17, 1568968, 635
2088, 0, 492, 518, 205, 4, 35.40%, 0, 0, 7, 985.93, 1574079, 635
2094, 0, 492, 518, 205, 4, 35.40%, 0, 0, 7, 474.21, 1578571, 635
2099, 0, 492, 518, 205, 4, 35.40%, 0, 0, 7, 1076.16, 1583363, 635
2104, 0, 492, 518, 205, 4, 35.40%, 0, 0, 7, 1083.44, 1589033, 635
2109, 0, 492, 518, 205, 4, 35.40%, 0, 0, 7, 1021.09, 1594151, 635
2114, 0, 492, 518, 205, 4, 35.40%, 0, 0, 7, 1052.90, 1599623, 635
2119, 0, 492, 518, 205, 4, 35.40%, 0, 0, 7, 1023.48, 1604371, 635
2124, 0, 492, 518, 205, 4, 35.40%, 0, 0, 7, 1011.84, 1609491, 635
2129, 0, 492, 518, 205, 4, 35.40%, 0, 0, 7, 1045.15, 1614571, 635
2134, 0, 492, 518, 205, 4, 35.40%, 0, 0, 7, 981.02, 1619203, 635
2140, 0, 492, 518, 205, 4, 35.40%, 0, 0, 7, 895.33, 1623869, 635
2145, 0, 492, 518, 205, 4, 35.40%, 0, 0, 7, 918.08, 1627235, 635
2150, 0, 492, 518, 205, 4, 35.40%, 0, 0, 7, 994.41, 1631876, 635
2155, 0, 492, 518, 205, 4, 35.40%, 0, 0, 7, 879.18, 1636590, 635
2160, 0, 492, 518, 205, 4, 35.40%, 0, 0, 7, 970.91, 1641661, 635
2165, 0, 492, 518, 205, 4, 35.40%, 0, 0, 7, 943.14, 1646705, 635
2171, 0, 492, 518, 205, 4, 35.40%, 0, 0, 7, 84.44, 1650999, 635
2176, 0, 492, 518, 205, 4, 35.40%, 0, 0, 7, 983.54, 1656015, 635
2181, 0, 492, 518, 205, 4, 35.40%, 0, 0, 7, 1023.94, 1660963, 635
2186, 0, 492, 518, 205, 4, 35.40%, 0, 0, 7, 1075.20, 1666547, 635
2191, 0, 492, 518, 205, 4, 35.40%, 0, 0, 7, 1052.61, 1671776, 635
2196, 0, 492, 518, 205, 4, 35.40%, 0, 0, 7, 1007.14, 1676959, 635
2201, 0, 492, 518, 205, 4, 35.40%, 0, 0, 7, 976.52, 1681788, 635
2206, 0, 492, 518, 205, 4, 35.40%, 0, 0, 7, 958.37, 1686785, 635
2212, 0, 382, 518, 205, 4, 35.40%, 0, 0, 7, 964.93, 1691506, 635
2217, 0, 382, 518, 205, 4, 35.40%, 0, 0, 7, 1000.53, 1696712, 635
2222, 0, 382, 518, 205, 4, 35.40%, 0, 0, 7, 1023.94, 1701915, 635
2227, 0, 382, 518, 205, 4, 35.40%, 0, 0, 7, 1004.24, 1706975, 635
2232, 0, 382, 518, 205, 4, 35.40%, 0, 0, 7, 984.11, 1711988, 635
2237, 0, 473, 518, 205, 4, 35.40%, 0, 0, 7, 972.92, 1716842, 635
2242, 0, 473, 518, 205, 4, 35.40%, 0, 0, 7, 957.02, 1721535, 635
2247, 0, 473, 518, 205, 4, 35.40%, 0, 0, 7, 986.23, 1726513, 635
2252, 0, 473, 518, 205, 4, 35.40%, 0, 0, 7, 926.95, 1731083, 635
2257, 0, 473, 518, 205, 4, 35.40%, 0, 0, 7, 995.77, 1736146, 635
2262, 0, 492, 518, 205, 4, 35.40%, 0, 0, 7, 971.67, 1741076, 635
2267, 0, 492, 518, 205, 4, 35.40%, 0, 0, 7, 989.83, 1746073, 635
2272, 0, 492, 518, 205, 4, 35.40%, 0, 0, 7, 995.23, 1751051, 635
2277, 0, 492, 518, 205, 4, 35.40%, 0, 0, 7, 987.28, 1756105, 635
2283, 0, 492, 518, 205, 4, 35.40%, 0, 0, 7, 1032.43, 1761327, 635
2288, 0, 505, 518, 205, 4, 35.40%, 0, 0, 7, 967.90, 1766298, 635
2293, 0, 505, 518, 205, 4, 35.40%, 0, 0, 7, 909.92, 1770785, 635
2298, 0, 505, 518, 205, 4, 35.40%, 0, 0, 7, 886.69, 1775342, 635
2303, 0, 505, 518, 205, 4, 35.40%, 0, 0, 7, 886.08, 1779983, 635
2308, 0, 505, 518, 205, 4, 35.40%, 0, 0, 7, 884.00, 1784454, 635
2313, 0, 505, 518, 205, 4, 35.40%, 0, 0, 7, 890.47, 1788840, 635
2318, 0, 497, 518, 205, 4, 35.40%, 0, 0, 7, 139.12, 1789876, 635
2323, 0, 497, 518, 205, 4, 35.40%, 0, 0, 7, 136.80, 1790570, 635
2328, 0, 497, 518, 205, 4, 35.40%, 0, 0, 7, 135.64, 1791206, 635
2334, 0, 497, 518, 205, 4, 35.40%, 0, 0, 7, 143.02, 1791916, 635
2339, 0, 497, 518, 205, 4, 35.40%, 0, 0, 7, 139.71, 1792536, 635
2344, 0, 497, 518, 205, 4, 35.40%, 0, 0, 7, 19.70, 1793208, 635
2349, 0, 497, 518, 205, 4, 35.40%, 0, 0, 7, 146.49, 1793806, 635
2354, 0, 497, 518, 205, 4, 35.40%, 0, 0, 7, 141.47, 1794528, 635
2359, 0, 497, 518, 205, 4, 35.40%, 0, 0, 7, 129.10, 1795146, 635
2364, 0, 497, 518, 205, 4, 35.40%, 0, 0, 7, 144.27, 1795784, 635
2370, 0, 497, 518, 205, 4, 35.40%, 0, 0, 7, 15.97, 1796402, 635
2375, 0, 497, 518, 205, 4, 35.40%, 0, 0, 7, 59.00, 1796915, 635
2380, 0, 497, 518, 205, 4, 35.40%, 0, 0, 7, 45.75, 1797093, 635
2385, 0, 497, 519, 206, 4, 35.51%, 0, 0, 7, 139.49, 1797784, 637
2390, 0, 497, 519, 206, 4, 35.51%, 0, 0, 7, 136.40, 1798486, 637
2395, 0, 497, 519, 206, 4, 35.51%, 0, 0, 7, 94.06, 1798909, 637
2400, 0, 497, 519, 206, 4, 35.51%, 0, 0, 7, 10.78, 1799540, 637
2405, 0, 497, 519, 206, 4, 35.51%, 0, 0, 7, 137.07, 1799916, 637
2411, 0, 497, 519, 206, 4, 35.51%, 0, 0, 7, 135.22, 1800622, 637
2416, 0, 497, 519, 206, 4, 35.51%, 0, 0, 7, 139.74, 1801342, 637
2421, 0, 497, 519, 206, 4, 35.51%, 0, 0, 7, 142.85, 1802078, 637
2426, 0, 497, 519, 206, 4, 35.51%, 0, 0, 7, 148.53, 1802860, 637
2432, 0, 497, 519, 206, 4, 35.51%, 0, 0, 7, 10.74, 1803278, 637
2437, 0, 497, 519, 206, 4, 35.51%, 0, 0, 7, 122.93, 1803828, 637
2442, 0, 497, 519, 206, 4, 35.51%, 0, 0, 7, 132.62, 1804548, 637
2447, 0, 497, 519, 206, 4, 35.51%, 0, 0, 7, 146.71, 1805248, 637
2453, 0, 497, 519, 206, 4, 35.51%, 0, 0, 7, 125.22, 1805886, 637
2458, 0, 497, 519, 206, 4, 35.51%, 0, 0, 7, 133.93, 1806558, 637
2463, 0, 497, 519, 206, 4, 35.51%, 0, 0, 7, 143.78, 1807308, 637
2468, 0, 497, 519, 206, 4, 35.51%, 0, 0, 7, 139.27, 1808006, 637
2473, 0, 497, 519, 206, 4, 35.51%, 0, 0, 7, 139.51, 1808728, 637
2478, 0, 497, 519, 206, 4, 35.51%, 0, 0, 7, 140.93, 1809458, 637
2483, 0, 497, 519, 206, 4, 35.51%, 0, 0, 7, 145.09, 1810212, 637
2489, 0, 497, 519, 206, 4, 35.51%, 0, 0, 7, 4.48, 1810339, 637
2494, 0, 497, 519, 206, 4, 35.51%, 0, 0, 7, 141.23, 1811068, 637
2499, 0, 497, 519, 206, 4, 35.51%, 0, 0, 7, 140.91, 1811794, 637
2504, 0, 497, 520, 207, 4, 35.56%, 0, 0, 7, 140.60, 1812410, 638
2509, 0, 497, 520, 207, 4, 35.56%, 0, 0, 7, 139.66, 1813100, 638
2514, 0, 497, 520, 207, 4, 35.56%, 0, 0, 7, 127.84, 1813704, 638
2519, 0, 497, 520, 207, 4, 35.56%, 0, 0, 7, 25.42, 1814205, 638
2524, 0, 497, 520, 207, 4, 35.56%, 0, 0, 7, 3.13, 1814307, 638
2530, 0, 497, 520, 207, 4, 35.56%, 0, 0, 7, 3.91, 1814339, 638
2536, 0, 497, 520, 207, 4, 35.56%, 0, 0, 7, 3.87, 1814361, 638
2541, 0, 497, 520, 207, 4, 35.56%, 0, 0, 7, 143.24, 1814924, 638
2546, 0, 497, 520, 207, 4, 35.56%, 0, 0, 7, 144.12, 1815574, 638
2551, 0, 497, 520, 207, 4, 35.56%, 0, 0, 7, 53.84, 1816094, 638
2556, 0, 497, 520, 207, 4, 35.56%, 0, 0, 7, 120.95, 1816782, 638
2562, 0, 497, 520, 207, 4, 35.56%, 0, 0, 7, 29.48, 1817101, 638
2567, 0, 497, 520, 207, 4, 35.56%, 0, 0, 7, 73.54, 1817249, 638
2572, 0, 497, 520, 207, 4, 35.56%, 0, 0, 7, 124.87, 1817952, 638
2577, 0, 497, 520, 207, 4, 35.56%, 0, 0, 7, 136.73, 1818602, 638
2582, 0, 497, 520, 207, 4, 35.56%, 0, 0, 7, 141.13, 1819338, 638
2588, 0, 497, 520, 207, 4, 35.56%, 0, 0, 7, 140.68, 1820062, 638
2593, 0, 497, 520, 207, 4, 35.56%, 0, 0, 7, 141.50, 1820794, 638
2598, 0, 497, 520, 207, 4, 35.56%, 0, 0, 7, 140.22, 1821486, 638
2603, 0, 492, 520, 206, 4, 35.56%, 0, 0, 7, 872.16, 1823101, 638
2608, 0, 492, 520, 206, 4, 35.56%, 0, 0, 7, 997.81, 1828277, 638
2613, 0, 410, 520, 206, 4, 35.56%, 0, 0, 7, 1024.18, 1833496, 638
2618, 0, 381, 520, 206, 4, 35.56%, 0, 0, 7, 1039.59, 1838768, 638
2623, 0, 381, 520, 206, 4, 35.56%, 0, 0, 7, 992.37, 1843616, 638
2628, 0, 471, 520, 206, 4, 35.56%, 0, 0, 7, 1029.03, 1848880, 638
2633, 0, 471, 520, 206, 4, 35.56%, 0, 0, 7, 936.75, 1853102, 638
2638, 0, 505, 520, 206, 4, 35.56%, 0, 0, 7, 927.01, 1857874, 638
2643, 0, 505, 520, 206, 4, 35.56%, 0, 0, 7, 928.31, 1862572, 638
2648, 0, 41, 520, 206, 4, 35.56%, 0, 0, 7, 1010.09, 1867744, 638
2654, 0, 381, 520, 206, 4, 35.56%, 0, 0, 7, 1048.21, 1873236, 638
2659, 0, 381, 520, 206, 4, 35.56%, 0, 0, 7, 1028.80, 1878056, 638
2664, 0, 492, 520, 206, 4, 35.56%, 0, 0, 7, 1117.25, 1883478, 638
2669, 0, 485, 520, 206, 4, 35.56%, 0, 0, 7, 1131.53, 1889250, 638
2674, 0, 485, 520, 206, 4, 35.56%, 0, 0, 7, 1097.25, 1894551, 638
2679, 0, 457, 520, 206, 4, 35.56%, 0, 0, 7, 1100.69, 1899642, 638
2684, 0, 492, 520, 206, 4, 35.56%, 0, 0, 7, 1116.71, 1904930, 638
2689, 0, 492, 520, 206, 4, 35.56%, 0, 0, 7, 1283.75, 1911484, 638
2694, 0, 492, 520, 206, 4, 35.56%, 0, 0, 7, 1301.89, 1917532, 638
2699, 0, 492, 520, 206, 4, 35.56%, 0, 0, 7, 1283.45, 1924043, 638
2704, 0, 382, 520, 206, 4, 35.56%, 0, 0, 7, 1175.05, 1929434, 638
2710, 0, 382, 520, 206, 4, 35.56%, 0, 0, 7, 1098.22, 1934881, 638
2715, 0, 445, 520, 206, 4, 35.56%, 0, 0, 7, 1114.25, 1940756, 638
2720, 0, 492, 520, 206, 4, 35.56%, 0, 0, 7, 1049.05, 1946124, 638
2725, 0, 492, 520, 206, 4, 35.56%, 0, 0, 7, 1163.35, 1952074, 638
2730, 0, 382, 520, 206, 4, 35.56%, 0, 0, 7, 1063.47, 1957000, 638
2735, 0, 492, 520, 206, 4, 35.56%, 0, 0, 7, 1177.46, 1963168, 638
2740, 0, 492, 520, 206, 4, 35.56%, 0, 0, 7, 1108.47, 1968060, 638
2745, 0, 382, 520, 206, 4, 35.56%, 0, 0, 7, 1116.96, 1973612, 638
2750, 0, 368, 520, 206, 4, 35.56%, 0, 0, 7, 1076.52, 1978405, 638
2756, 0, 368, 520, 206, 4, 35.56%, 0, 0, 7, 1203.41, 1984144, 638
2761, 0, 381, 520, 206, 4, 35.56%, 0, 0, 7, 1208.31, 1990176, 638
2766, 0, 382, 520, 206, 4, 35.56%, 0, 0, 7, 1257.71, 1996046, 638
2771, 0, 382, 520, 206, 4, 35.56%, 0, 0, 7, 1278.26, 2002171, 638
2776, 0, 471, 520, 206, 4, 35.56%, 0, 0, 7, 1193.10, 2008038, 638
2781, 0, 463, 520, 206, 4, 35.56%, 0, 0, 7, 1180.06, 2014022, 638
2786, 0, 382, 520, 206, 4, 35.56%, 0, 0, 7, 1187.66, 2019983, 638
2791, 0, 382, 520, 206, 4, 35.56%, 0, 0, 7, 1231.12, 2026208, 638
2796, 0, 433, 521, 207, 4, 35.56%, 0, 0, 7, 1178.07, 2032070, 638
2801, 0, 492, 521, 207, 4, 35.56%, 0, 0, 7, 1193.98, 2038077, 638
2806, 0, 428, 521, 207, 4, 35.56%, 0, 0, 7, 1204.99, 2044120, 638
2811, 0, 428, 521, 207, 4, 35.56%, 0, 0, 7, 1184.61, 2049650, 638
2816, 0, 506, 521, 207, 4, 35.56%, 0, 0, 7, 1126.39, 2055059, 638
2821, 0, 492, 521, 207, 4, 35.56%, 0, 0, 7, 1128.47, 2060542, 638
2827, 0, 492, 521, 207, 4, 35.56%, 0, 0, 7, 1155.61, 2066655, 638
2832, 0, 401, 521, 207, 4, 35.56%, 0, 0, 7, 1163.92, 2072547, 638
2837, 0, 492, 521, 207, 4, 35.56%, 0, 0, 7, 1198.32, 2078577, 638
2842, 0, 385, 521, 207, 4, 35.56%, 0, 0, 7, 1220.05, 2084758, 638
2847, 0, 385, 521, 207, 4, 35.56%, 0, 0, 7, 1232.80, 2091046, 638
2852, 0, 493, 521, 206, 4, 35.56%, 0, 0, 7, 1295.13, 2097746, 638
2857, 0, 373, 521, 206, 4, 35.56%, 0, 0, 7, 71.55, 2100664, 638
2862, 0, 373, 522, 207, 4, 35.73%, 0, 0, 7, 1263.18, 2107109, 641
2868, 0, 521, 522, 206, 5, 35.73%, 0, 0, 7, 1083.14, 2112433, 641
2873, 0, 409, 522, 205, 4, 35.73%, 0, 0, 7, 1050.71, 2117636, 641
2878, 0, 409, 522, 205, 4, 35.73%, 0, 0, 7, 1046.78, 2122936, 641
2883, 0, 521, 522, 205, 4, 35.73%, 0, 0, 7, 998.11, 2127719, 641
2888, 0, 521, 522, 205, 4, 35.73%, 0, 0, 7, 1001.71, 2132848, 641
2893, 0, 382, 522, 205, 4, 35.73%, 0, 0, 7, 989.93, 2137336, 641
2898, 0, 521, 522, 205, 4, 35.73%, 0, 0, 7, 1023.14, 2142592, 641
2903, 0, 521, 522, 205, 4, 35.73%, 0, 0, 7, 1024.18, 2147772, 641
2908, 0, 382, 522, 205, 4, 35.73%, 0, 0, 7, 1032.38, 2153004, 641
2913, 0, 521, 522, 205, 4, 35.73%, 0, 0, 7, 1041.42, 2158236, 641
2918, 0, 521, 522, 205, 4, 35.73%, 0, 0, 7, 1040.09, 2163476, 641
2923, 0, 495, 522, 205, 4, 35.73%, 0, 0, 7, 1030.65, 2168708, 641
2928, 0, 495, 522, 205, 4, 35.73%, 0, 0, 7, 1023.81, 2173908, 641
2933, 0, 372, 522, 205, 4, 35.73%, 0, 0, 7, 950.07, 2178410, 641
2939, 0, 521, 522, 205, 4, 35.73%, 0, 0, 7, 1025.86, 2183692, 641
2944, 0, 521, 522, 205, 4, 35.73%, 0, 0, 7, 1016.30, 2188852, 641
2949, 0, 382, 522, 205, 4, 35.73%, 0, 0, 7, 1016.18, 2193924, 641
2954, 0, 521, 522, 205, 4, 35.73%, 0, 0, 7, 1009.95, 2199016, 641
2959, 0, 521, 522, 205, 4, 35.73%, 0, 0, 7, 1030.99, 2204296, 641
2964, 0, 521, 522, 205, 4, 35.73%, 0, 0, 7, 1030.47, 2209548, 641
2969, 0, 521, 522, 205, 4, 35.73%, 0, 0, 7, 1031.06, 2214788, 641
2974, 0, 494, 522, 205, 4, 35.73%, 0, 0, 7, 1034.47, 2220020, 641
2979, 0, 521, 522, 205, 4, 35.73%, 0, 0, 7, 1025.62, 2225272, 641
2984, 0, 521, 522, 205, 4, 35.73%, 0, 0, 7, 1014.65, 2230412, 641
2989, 0, 495, 522, 205, 4, 35.73%, 0, 0, 7, 971.00, 2235241, 641
2994, 0, 507, 522, 205, 4, 35.73%, 0, 0, 7, 980.13, 2240393, 641
3000, 0, 507, 522, 205, 4, 35.73%, 0, 0, 7, 947.55, 2244996, 641
3005, 0, 493, 522, 205, 4, 35.73%, 0, 0, 7, 958.49, 2249782, 641
3010, 0, 493, 522, 205, 4, 35.73%, 0, 0, 7, 944.88, 2253962, 641
3015, 0, 427, 522, 205, 4, 35.73%, 0, 0, 7, 991.09, 2259000, 641
3020, 0, 427, 522, 205, 4, 35.73%, 0, 0, 7, 1042.68, 2264040, 641
3025, 0, 519, 522, 205, 4, 35.73%, 0, 0, 7, 110.67, 2264998, 641
3030, 0, 519, 522, 205, 4, 35.73%, 0, 0, 7, 111.16, 2265534, 641
3035, 0, 519, 522, 205, 4, 35.73%, 0, 0, 7, 105.91, 2266056, 641
3040, 0, 519, 522, 205, 4, 35.73%, 0, 0, 7, 112.78, 2266630, 641
3046, 0, 519, 522, 205, 4, 35.73%, 0, 0, 7, 9.09, 2267108, 641
3051, 0, 519, 522, 205, 4, 35.73%, 0, 0, 7, 9.89, 2267165, 641
3056, 0, 519, 522, 205, 4, 35.73%, 0, 0, 7, 36.48, 2267275, 641
3062, 0, 519, 522, 205, 4, 35.73%, 0, 0, 7, 98.68, 2267847, 641
3067, 0, 519, 522, 205, 4, 35.73%, 0, 0, 7, 110.75, 2268436, 641
3072, 0, 519, 522, 205, 4, 35.73%, 0, 0, 7, 112.57, 2269000, 641
3077, 0, 519, 522, 205, 4, 35.73%, 0, 0, 7, 110.97, 2269528, 641
3082, 0, 519, 522, 205, 4, 35.73%, 0, 0, 7, 13.51, 2270040, 641
3087, 0, 519, 522, 205, 4, 35.73%, 0, 0, 7, 109.85, 2270542, 641
3093, 0, 519, 522, 205, 4, 35.73%, 0, 0, 7, 2.83, 2270632, 641
3098, 0, 519, 522, 205, 4, 35.73%, 0, 0, 7, 62.04, 2270862, 641
3103, 0, 519, 522, 205, 4, 35.73%, 0, 0, 7, 105.53, 2271446, 641
3108, 0, 519, 522, 205, 4, 35.73%, 0, 0, 7, 111.64, 2272028, 641
3113, 0, 519, 522, 205, 4, 35.73%, 0, 0, 7, 115.98, 2272646, 641
3118, 0, 519, 523, 206, 4, 35.73%, 0, 0, 7, 114.65, 2273220, 641
3123, 0, 519, 523, 206, 4, 35.73%, 0, 0, 7, 117.91, 2273760, 641
3128, 0, 519, 523, 206, 4, 35.73%, 0, 0, 7, 115.47, 2274356, 641
3134, 0, 519, 523, 206, 4, 35.73%, 0, 0, 7, 111.21, 2274916, 641
3139, 0, 519, 523, 206, 4, 35.73%, 0, 0, 7, 19.76, 2275392, 641
3144, 0, 519, 523, 206, 4, 35.73%, 0, 0, 7, 105.19, 2275768, 641
3149, 0, 519, 523, 206, 4, 35.73%, 0, 0, 7, 4.97, 2275841, 641
3154, 0, 519, 523, 206, 4, 35.73%, 0, 0, 7, 7.58, 2275896, 641
3160, 0, 519, 523, 206, 4, 35.73%, 0, 0, 7, 99.65, 2276440, 641
3165, 0, 519, 523, 206, 4, 35.73%, 0, 0, 7, 107.98, 2276962, 641
3170, 0, 519, 523, 206, 4, 35.73%, 0, 0, 7, 108.64, 2277522, 641
3175, 0, 519, 523, 206, 4, 35.73%, 0, 0, 7, 123.17, 2278046, 641
3182, 0, 519, 523, 206, 4, 35.73%, 0, 0, 7, 0.33, 2278401, 641
3188, 0, 519, 523, 206, 4, 35.73%, 0, 0, 7, 13.38, 2278754, 641
3193, 0, 519, 523, 206, 4, 35.73%, 0, 0, 7, 10.59, 2278777, 641
3198, 0, 519, 523, 206, 4, 35.73%, 0, 0, 7, 113.65, 2279358, 641
3203, 0, 519, 523, 206, 4, 35.73%, 0, 0, 7, 70.24, 2279696, 641
3208, 0, 519, 523, 206, 4, 35.73%, 0, 0, 7, 107.78, 2280192, 641
3214, 0, 519, 523, 206, 4, 35.73%, 0, 0, 7, 103.81, 2280742, 641
3219, 0, 519, 523, 206, 4, 35.73%, 0, 0, 7, 110.56, 2281168, 641
3224, 0, 519, 523, 206, 4, 35.73%, 0, 0, 7, 113.75, 2281644, 641
3229, 0, 519, 523, 206, 4, 35.73%, 0, 0, 7, 114.26, 2281942, 641
3234, 0, 519, 523, 206, 4, 35.73%, 0, 0, 7, 117.17, 2282550, 641
3239, 0, 519, 523, 206, 4, 35.73%, 0, 0, 7, 117.88, 2283148, 641
3245, 0, 519, 523, 206, 4, 35.73%, 0, 0, 7, 118.14, 2283758, 641
3250, 0, 519, 523, 206, 4, 35.73%, 0, 0, 7, 119.47, 2284382, 641
3255, 0, 519, 523, 206, 4, 35.73%, 0, 0, 7, 119.72, 2284998, 641
3260, 0, 519, 523, 206, 4, 35.73%, 0, 0, 7, 109.35, 2285536, 641
3265, 0, 519, 523, 206, 4, 35.73%, 0, 0, 7, 112.22, 2286108, 641
3270, 0, 519, 523, 206, 4, 35.73%, 0, 0, 7, 112.17, 2286616, 641
3275, 0, 519, 523, 206, 4, 35.73%, 0, 0, 7, 113.95, 2287210, 641
3281, 0, 519, 523, 206, 4, 35.73%, 0, 0, 7, 116.59, 2287818, 641
3286, 0, 519, 523, 206, 4, 35.73%, 0, 0, 7, 102.88, 2288280, 641
3291, 0, 519, 523, 206, 4, 35.73%, 0, 0, 7, 112.33, 2288854, 641
3296, 0, 367, 523, 205, 3, 35.73%, 0, 0, 7, 841.91, 2291590, 641
3301, 0, 367, 523, 205, 3, 35.73%, 0, 0, 7, 970.11, 2296650, 641
3306, 0, 367, 523, 205, 3, 35.73%, 0, 0, 7, 1023.25, 2301826, 641
3311, 0, 367, 523, 205, 3, 35.73%, 0, 0, 7, 1006.24, 2306241, 641
3316, 0, 367, 523, 205, 3, 35.73%, 0, 0, 7, 1009.12, 2310426, 641
3322, 0, 151, 525, 207, 3, 35.73%, 0, 0, 7, 18.93, 2313746, 641
3327, 0, 151, 528, 210, 3, 35.73%, 0, 0, 7, 584.23, 2314478, 641
3332, 0, 151, 528, 210, 3, 35.73%, 0, 0, 7, 596.26, 2317470, 641
3337, 0, 151, 528, 210, 3, 35.73%, 0, 0, 7, 580.38, 2320429, 641
3342, 0, 151, 529, 211, 3, 35.73%, 0, 0, 7, 600.24, 2323468, 641
3347, 0, 151, 529, 211, 3, 35.73%, 0, 0, 7, 599.50, 2326600, 641
3352, 0, 151, 529, 211, 3, 35.73%, 0, 0, 7, 560.00, 2329122, 641
3357, 0, 151, 529, 211, 3, 35.73%, 0, 0, 7, 621.47, 2331784, 641
3363, 0, 151, 529, 211, 3, 35.73%, 0, 0, 7, 4.04, 2333182, 641
3368, 0, 151, 529, 211, 3, 35.73%, 0, 0, 7, 604.50, 2334556, 641
3373, 0, 151, 529, 211, 3, 35.73%, 0, 0, 7, 612.20, 2337664, 641
3378, 0, 151, 529, 211, 3, 35.73%, 0, 0, 7, 606.17, 2340748, 641
3383, 0, 151, 529, 211, 3, 35.73%, 0, 0, 7, 604.86, 2343808, 641
3389, 0, 382, 529, 210, 3, 35.73%, 0, 0, 7, 681.94, 2347165, 641
3394, 0, 382, 529, 210, 3, 35.73%, 0, 0, 7, 968.40, 2352532, 641
3399, 0, 521, 529, 210, 3, 35.73%, 0, 0, 7, 954.76, 2357513, 641
3404, 0, 521, 529, 210, 3, 35.73%, 0, 0, 7, 994.45, 2362738, 641
3409, 0, 521, 529, 210, 3, 35.73%, 0, 0, 7, 867.67, 2366907, 641
3414, 0, 382, 529, 210, 3, 35.73%, 0, 0, 7, 972.21, 2371427, 641
3419, 0, 382, 529, 210, 3, 35.73%, 0, 0, 7, 1010.06, 2376504, 641
3424, 0, 367, 529, 210, 3, 35.73%, 0, 0, 7, 959.20, 2381348, 641
3429, 0, 367, 529, 210, 3, 35.73%, 0, 0, 7, 977.76, 2386345, 641
3435, 0, 521, 529, 210, 3, 35.73%, 0, 0, 7, 948.40, 2391016, 641
3440, 0, 521, 529, 210, 3, 35.73%, 0, 0, 7, 941.81, 2395752, 641
3445, 0, 521, 529, 210, 3, 35.73%, 0, 0, 7, 992.16, 2400905, 641
3450, 0, 381, 529, 210, 3, 35.73%, 0, 0, 7, 1029.04, 2406272, 641
3455, 0, 381, 529, 210, 3, 35.73%, 0, 0, 7, 1053.07, 2411621, 641
3460, 0, 521, 529, 210, 3, 35.73%, 0, 0, 7, 933.33, 2415988, 641
3465, 0, 171, 529, 210, 3, 35.73%, 0, 0, 7, 912.86, 2420806, 641
3470, 0, 171, 529, 210, 3, 35.73%, 0, 0, 7, 618.33, 2423734, 641
3475, 0, 171, 529, 210, 3, 35.73%, 0, 0, 7, 621.72, 2426806, 641
3480, 0, 171, 529, 210, 3, 35.73%, 0, 0, 7, 586.75, 2429605, 641
3486, 0, 171, 529, 210, 3, 35.73%, 0, 0, 7, 7.24, 2430718, 641
3491, 0, 171, 529, 210, 3, 35.73%, 0, 0, 7, 611.94, 2430922, 641
3496, 0, 171, 529, 210, 3, 35.73%, 0, 0, 7, 633.12, 2433982, 641
3501, 0, 171, 529, 210, 3, 35.73%, 0, 0, 7, 603.77, 2437054, 641
3506, 0, 171, 529, 210, 3, 35.73%, 0, 0, 7, 642.01, 2440390, 641
3511, 0, 171, 529, 210, 3, 35.73%, 0, 0, 7, 646.26, 2443642, 641
3517, 0, 382, 529, 209, 3, 35.73%, 0, 0, 7, 892.10, 2448242, 641
3522, 0, 382, 529, 209, 3, 35.73%, 0, 0, 7, 991.01, 2453525, 641
3527, 0, 382, 529, 209, 3, 35.73%, 0, 0, 7, 1040.69, 2458802, 641
3532, 0, 382, 529, 209, 3, 35.73%, 0, 0, 7, 1039.27, 2464042, 641
3537, 0, 382, 529, 209, 3, 35.73%, 0, 0, 7, 1029.49, 2469222, 641
3542, 0, 453, 529, 209, 3, 35.73%, 0, 0, 7, 1017.90, 2474358, 641
3547, 0, 453, 529, 209, 3, 35.73%, 0, 0, 7, 1004.25, 2479338, 641
3552, 0, 453, 529, 209, 3, 35.73%, 0, 0, 7, 986.71, 2484181, 641
3557, 0, 453, 529, 209, 3, 35.73%, 0, 0, 7, 989.24, 2488988, 641
3562, 0, 453, 529, 209, 3, 35.73%, 0, 0, 7, 963.97, 2493434, 641
3567, 0, 505, 529, 209, 3, 35.73%, 0, 0, 7, 887.46, 2498006, 641
3572, 0, 505, 529, 209, 3, 35.73%, 0, 0, 7, 876.67, 2502511, 641
3578, 0, 505, 529, 209, 3, 35.73%, 0, 0, 7, 927.49, 2507368, 641
3583, 0, 505, 529, 209, 3, 35.73%, 0, 0, 7, 935.80, 2512084, 641
3588, 0, 505, 529, 209, 3, 35.73%, 0, 0, 7, 927.46, 2516746, 641
3593, 0, 471, 529, 209, 3, 35.73%, 0, 0, 7, 959.35, 2521477, 641
3598, 0, 471, 529, 209, 3, 35.73%, 0, 0, 7, 1037.25, 2526570, 641
3603, 0, 471, 529, 209, 3, 35.73%, 0, 0, 7, 972.29, 2531129, 641
3608, 0, 471, 529, 209, 3, 35.73%, 0, 0, 7, 995.75, 2535993, 641
3613, 0, 471, 529, 209, 3, 35.73%, 0, 0, 7, 970.30, 2540838, 641
3618, 0, 492, 529, 209, 3, 35.73%, 0, 0, 7, 985.84, 2545597, 641
3623, 0, 492, 529, 209, 3, 35.73%, 0, 0, 7, 1030.63, 2550846, 641
3629, 0, 492, 529, 209, 3, 35.73%, 0, 0, 7, 1096.22, 2556607, 641
3634, 0, 492, 529, 209, 3, 35.73%, 0, 0, 7, 1086.27, 2562130, 641
3639, 0, 492, 529, 209, 3, 35.73%, 0, 0, 7, 1062.51, 2567485, 641
3644, 0, 382, 529, 209, 3, 35.73%, 0, 0, 7, 1065.56, 2572888, 641
3649, 0, 382, 529, 209, 3, 35.73%, 0, 0, 7, 1071.92, 2578411, 641
3654, 0, 382, 529, 209, 3, 35.73%, 0, 0, 7, 1068.63, 2583367, 641
3659, 0, 382, 529, 209, 3, 35.73%, 0, 0, 7, 1046.33, 2588602, 641
3664, 0, 521, 529, 209, 3, 35.73%, 0, 0, 7, 975.46, 2593267, 641
3669, 0, 521, 529, 209, 3, 35.73%, 0, 0, 7, 980.75, 2598207, 641
3674, 0, 521, 529, 209, 3, 35.73%, 0, 0, 7, 985.79, 2603375, 641
3679, 0, 521, 529, 209, 3, 35.73%, 0, 0, 7, 994.86, 2608372, 641
3684, 0, 521, 529, 209, 3, 35.73%, 0, 0, 7, 991.96, 2612951, 641
3690, 0, 449, 529, 209, 3, 35.73%, 0, 0, 7, 987.36, 2617691, 641
3695, 0, 449, 529, 209, 3, 35.73%, 0, 0, 7, 910.56, 2621860, 641
3703, 0, 449, 529, 209, 3, 35.73%, 0, 0, 7, 0.16, 2623305, 641
3708, 0, 449, 529, 209, 3, 35.73%, 0, 0, 7, 952.49, 2626887, 641
3713, 0, 449, 529, 209, 3, 35.73%, 0, 0, 7, 1031.94, 2632054, 641
3719, 0, 449, 529, 209, 3, 35.73%, 0, 0, 7, 1136.78, 2638038, 641
3724, 0, 492, 529, 209, 3, 35.73%, 0, 0, 7, 1182.18, 2644095, 641
3729, 0, 492, 529, 209, 3, 35.73%, 0, 0, 7, 1159.96, 2650029, 641
3734, 0, 492, 529, 209, 3, 35.73%, 0, 0, 7, 1175.24, 2655273, 641
3739, 0, 492, 529, 209, 3, 35.73%, 0, 0, 7, 1178.67, 2660770, 641
3744, 0, 492, 529, 209, 3, 35.73%, 0, 0, 7, 1068.44, 2665663, 641
3749, 0, 521, 529, 209, 3, 35.73%, 0, 0, 7, 1116.76, 2671394, 641
3754, 0, 521, 529, 209, 3, 35.73%, 0, 0, 7, 1140.78, 2677136, 641
3759, 0, 521, 529, 209, 3, 35.73%, 0, 0, 7, 1137.16, 2682922, 641
3764, 0, 521, 529, 209, 3, 35.73%, 0, 0, 7, 1108.31, 2688510, 641
3769, 0, 521, 529, 209, 3, 35.73%, 0, 0, 7, 1127.14, 2694188, 641
3775, 0, 521, 529, 209, 3, 35.73%, 0, 0, 7, 1132.71, 2699820, 641
3780, 0, 521, 529, 209, 3, 35.73%, 0, 0, 7, 1091.04, 2705113, 641
3785, 0, 521, 529, 209, 3, 35.73%, 0, 0, 7, 1091.54, 2710636, 641
3790, 0, 382, 529, 209, 3, 35.73%, 0, 0, 7, 1107.08, 2716410, 641
3795, 0, 382, 529, 209, 3, 35.73%, 0, 0, 7, 1131.31, 2722152, 641
3800, 0, 382, 529, 209, 3, 35.73%, 0, 0, 7, 1164.22, 2727483, 641
3805, 0, 382, 529, 209, 3, 35.73%, 0, 0, 7, 1153.93, 2733348, 641
3810, 0, 382, 529, 209, 3, 35.73%, 0, 0, 7, 1072.34, 2738341, 641
3815, 0, 450, 529, 209, 3, 35.73%, 0, 0, 7, 1104.44, 2743868, 641
3820, 0, 450, 529, 209, 3, 35.73%, 0, 0, 7, 1109.23, 2749566, 641
3825, 0, 450, 529, 209, 3, 35.73%, 0, 0, 7, 1121.03, 2755330, 641
3830, 0, 450, 529, 209, 3, 35.73%, 0, 0, 7, 1131.98, 2760984, 641
3835, 0, 382, 529, 209, 3, 35.73%, 0, 0, 7, 1164.95, 2766883, 641
3841, 0, 382, 529, 209, 3, 35.73%, 0, 0, 7, 1205.22, 2772970, 641
3846, 0, 382, 529, 209, 3, 35.73%, 0, 0, 7, 1186.43, 2778981, 641
3851, 0, 382, 529, 209, 3, 35.73%, 0, 0, 7, 1143.55, 2784639, 641
3856, 0, 521, 530, 210, 4, 35.73%, 0, 0, 7, 1151.02, 2790161, 641
3861, 0, 521, 530, 210, 4, 35.73%, 0, 0, 7, 1016.24, 2794959, 641
3866, 0, 521, 530, 210, 4, 35.73%, 0, 0, 7, 1067.63, 2800238, 641
3871, 0, 521, 530, 210, 4, 35.73%, 0, 0, 7, 1109.79, 2805859, 641
3876, 0, 521, 530, 210, 4, 35.73%, 0, 0, 7, 1123.24, 2811601, 641
3881, 0, 521, 530, 210, 4, 35.73%, 0, 0, 7, 1100.97, 2817065, 641
3886, 0, 521, 530, 210, 4, 35.73%, 0, 0, 7, 1118.79, 2822691, 641
3891, 0, 521, 530, 210, 4, 35.73%, 0, 0, 7, 1088.13, 2828237, 641
3896, 0, 521, 530, 210, 4, 35.73%, 0, 0, 7, 1117.77, 2833999, 641
3901, 0, 521, 530, 210, 4, 35.73%, 0, 0, 7, 1120.02, 2839743, 641
3906, 0, 521, 530, 210, 4, 35.73%, 0, 0, 7, 1144.26, 2845485, 641
3912, 0, 521, 530, 210, 4, 35.73%, 0, 0, 7, 1095.88, 2850986, 641
3917, 0, 521, 530, 210, 4, 35.73%, 0, 0, 7, 1103.99, 2856793, 641
3922, 0, 521, 530, 210, 4, 35.73%, 0, 0, 7, 1116.12, 2862403, 641
3927, 0, 529, 530, 210, 4, 35.73%, 0, 0, 7, 893.14, 2866523, 641
3932, 0, 529, 530, 210, 4, 35.73%, 0, 0, 7, 862.67, 2870824, 641
3937, 0, 529, 530, 210, 4, 35.73%, 0, 0, 7, 852.72, 2875125, 641
3942, 0, 529, 530, 210, 4, 35.73%, 0, 0, 7, 857.12, 2879460, 641
3947, 0, 529, 530, 210, 4, 35.73%, 0, 0, 7, 881.03, 2883489, 641
3952, 0, 529, 530, 210, 4, 35.73%, 0, 0, 7, 920.51, 2887703, 641
3957, 0, 529, 530, 210, 4, 35.73%, 0, 0, 7, 884.84, 2891292, 641
3962, 0, 529, 530, 210, 4, 35.73%, 0, 0, 7, 858.05, 2895287, 641
3967, 0, 521, 530, 209, 3, 35.73%, 0, 0, 7, 1179.37, 2900728, 641
3973, 0, 437, 530, 209, 3, 35.73%, 0, 0, 7, 1127.14, 2906159, 641
3978, 0, 521, 530, 209, 3, 35.73%, 0, 0, 7, 1196.38, 2912282, 641
3983, 0, 521, 530, 209, 3, 35.73%, 0, 0, 7, 1179.55, 2918262, 641
3988, 0, 521, 530, 209, 3, 35.73%, 0, 0, 7, 1200.02, 2924315, 641
3993, 0, 492, 530, 209, 3, 35.73%, 0, 0, 7, 1180.61, 2930023, 641
3998, 0, 492, 530, 209, 3, 35.73%, 0, 0, 7, 1171.72, 2935911, 641
4003, 0, 521, 530, 209, 3, 35.73%, 0, 0, 7, 1182.02, 2941918, 641
4008, 0, 359, 530, 209, 3, 35.73%, 0, 0, 7, 789.41, 2946488, 641
4013, 0, 359, 530, 209, 3, 35.73%, 0, 0, 7, 797.35, 2950493, 641
4019, 0, 359, 530, 209, 3, 35.73%, 0, 0, 7, 6.55, 2952482, 641
4024, 0, 359, 530, 209, 3, 35.73%, 0, 0, 7, 53.68, 2952649, 641
4030, 0, 359, 530, 209, 3, 35.73%, 0, 0, 7, 802.25, 2955926, 641
4035, 0, 359, 530, 209, 3, 35.73%, 0, 0, 7, 752.72, 2959703, 641
4040, 0, 359, 530, 209, 3, 35.73%, 0, 0, 7, 756.64, 2963123, 641
4045, 0, 359, 530, 209, 3, 35.73%, 0, 0, 7, 762.83, 2966918, 641
4050, 0, 382, 530, 208, 3, 35.73%, 0, 0, 7, 874.38, 2970534, 641
4055, 0, 382, 530, 208, 3, 35.73%, 0, 0, 7, 930.26, 2975007, 641
4060, 0, 382, 530, 208, 3, 35.73%, 0, 0, 7, 1226.74, 2981582, 641
4065, 0, 382, 530, 208, 3, 35.73%, 0, 0, 7, 1236.66, 2987870, 641
4070, 0, 382, 530, 208, 3, 35.73%, 0, 0, 7, 1239.52, 2993126, 641
4075, 0, 521, 530, 208, 3, 35.73%, 0, 0, 7, 1166.90, 2999063, 641
4081, 0, 521, 530, 208, 3, 35.73%, 0, 0, 7, 1202.54, 3004422, 641
4086, 0, 521, 530, 208, 3, 35.73%, 0, 0, 7, 1154.56, 3009988, 641
4091, 0, 521, 530, 208, 3, 35.73%, 0, 0, 7, 1212.19, 3016190, 641
4096, 0, 495, 530, 208, 3, 35.73%, 0, 0, 7, 1137.45, 3021692, 641
4101, 0, 495, 530, 208, 3, 35.73%, 0, 0, 7, 1180.77, 3027687, 641
4106, 0, 495, 530, 208, 3, 35.73%, 0, 0, 7, 1201.54, 3033950, 641
4111, 0, 495, 530, 208, 3, 35.73%, 0, 0, 7, 1176.05, 3039900, 641
4116, 0, 443, 530, 208, 3, 35.73%, 0, 0, 7, 1127.84, 3044707, 641
4121, 0, 443, 530, 208, 3, 35.73%, 0, 0, 7, 179.69, 3049711, 641
4127, 0, 443, 530, 208, 3, 35.73%, 0, 0, 7, 983.76, 3053980, 641
4132, 0, 443, 530, 208, 3, 35.73%, 0, 0, 7, 1181.34, 3059877, 641
4137, 0, 443, 530, 208, 3, 35.73%, 0, 0, 7, 1285.66, 3066653, 641
4142, 0, 521, 530, 208, 3, 35.73%, 0, 0, 7, 1235.47, 3072831, 641
4147, 0, 521, 530, 208, 3, 35.73%, 0, 0, 7, 1194.02, 3078956, 641
4152, 0, 521, 530, 208, 3, 35.73%, 0, 0, 7, 1195.21, 3085005, 641
4157, 0, 521, 530, 208, 3, 35.73%, 0, 0, 7, 1197.12, 3091215, 641
4163, 0, 360, 530, 208, 3, 35.73%, 0, 0, 7, 782.71, 3094821, 641
4168, 0, 360, 530, 208, 3, 35.73%, 0, 0, 7, 655.44, 3097991, 641
4173, 0, 360, 530, 208, 3, 35.73%, 0, 0, 7, 610.35, 3101004, 641
4178, 0, 360, 530, 208, 3, 35.73%, 0, 0, 7, 588.00, 3103923, 641
4183, 0, 360, 530, 208, 3, 35.73%, 0, 0, 7, 591.82, 3106970, 641
4188, 0, 360, 530, 208, 3, 35.73%, 0, 0, 7, 575.07, 3109775, 641
4193, 0, 360, 530, 208, 3, 35.73%, 0, 0, 7, 476.55, 3112623, 641
4198, 0, 360, 530, 208, 3, 35.73%, 0, 0, 7, 78.51, 3115316, 641
4204, 0, 360, 530, 208, 3, 35.73%, 0, 0, 7, 5.63, 3116794, 641
4209, 0, 360, 530, 208, 3, 35.73%, 0, 0, 7, 292.50, 3117451, 641
4214, 0, 360, 530, 208, 3, 35.73%, 0, 0, 7, 546.71, 3120576, 641
4219, 0, 360, 530, 208, 3, 35.73%, 0, 0, 7, 595.10, 3123668, 641
4224, 0, 521, 530, 207, 3, 35.73%, 0, 0, 7, 908.05, 3128295, 641
4229, 0, 448, 530, 207, 3, 35.73%, 0, 0, 7, 1068.84, 3134086, 641
4234, 0, 448, 530, 207, 3, 35.73%, 0, 0, 7, 1138.93, 3139262, 641
4239, 0, 382, 530, 207, 3, 35.73%, 0, 0, 7, 1106.71, 3144954, 641
4245, 0, 437, 530, 207, 3, 35.73%, 0, 0, 7, 1085.90, 3150281, 641
4250, 0, 437, 530, 207, 3, 35.73%, 0, 0, 7, 1111.59, 3155954, 641
4255, 0, 445, 530, 207, 3, 35.73%, 0, 0, 7, 1079.75, 3161413, 641
4260, 0, 492, 530, 207, 3, 35.73%, 0, 0, 7, 1110.25, 3167124, 641
4265, 0, 492, 530, 207, 3, 35.73%, 0, 0, 7, 1115.65, 3172800, 641
4270, 0, 521, 530, 207, 3, 35.73%, 0, 0, 7, 1081.64, 3178238, 641
4275, 0, 425, 530, 207, 3, 35.73%, 0, 0, 7, 1102.78, 3183794, 641
4275, 0, 425, 530, 207, 3, 35.73%, 0, 0, 7, 1106.71, 3184005, 641
