# relative_time, cycles_done, cur_path, paths_total, pending_total, pending_favs, map_size, unique_crashes, unique_hangs, max_depth, execs_per_sec, total_execs, edges_found
62, 0, 8, 436, 234, 58, 30.21%, 0, 0, 4, 897.59, 57276, 542
67, 0, 413, 436, 233, 62, 30.21%, 0, 0, 4, 655.00, 58373, 542
72, 0, 413, 436, 233, 62, 30.21%, 0, 0, 4, 637.53, 61235, 542
77, 0, 413, 436, 233, 62, 30.21%, 0, 0, 4, 608.74, 64247, 542
82, 0, 372, 436, 232, 61, 30.21%, 0, 0, 4, 846.90, 68807, 542
87, 0, 380, 436, 231, 60, 30.21%, 0, 0, 4, 957.55, 73773, 542
92, 0, 427, 436, 230, 59, 30.21%, 0, 0, 4, 1089.88, 78101, 542
97, 0, 431, 436, 229, 58, 30.21%, 0, 0, 4, 1014.78, 83109, 542
102, 0, 431, 438, 231, 58, 30.55%, 0, 0, 4, 902.59, 87577, 548
107, 0, 398, 439, 231, 59, 30.60%, 0, 0, 4, 946.13, 92284, 549
118, 0, 41, 439, 230, 59, 30.60%, 0, 0, 4, 29.12, 95371, 549
123, 0, 41, 439, 230, 59, 30.60%, 0, 0, 4, 922.44, 99873, 549
128, 0, 371, 439, 229, 58, 30.60%, 0, 0, 4, 950.78, 104379, 549
133, 0, 149, 454, 243, 57, 31.61%, 0, 0, 4, 935.86, 109180, 567
138, 0, 149, 455, 244, 57, 31.66%, 0, 0, 4, 876.21, 113570, 568
143, 0, 450, 455, 243, 72, 31.66%, 0, 0, 4, 877.79, 117978, 568
148, 0, 418, 455, 242, 71, 31.66%, 0, 0, 4, 861.63, 122297, 568
154, 0, 449, 455, 241, 70, 31.66%, 0, 0, 4, 917.41, 127027, 568
159, 0, 449, 456, 242, 70, 31.72%, 0, 0, 4, 1043.67, 132425, 569
164, 0, 170, 456, 241, 70, 31.72%, 0, 0, 4, 1123.60, 138048, 569
169, 0, 415, 457, 241, 69, 31.72%, 0, 0, 4, 761.34, 140900, 569
174, 0, 415, 457, 241, 69, 31.72%, 0, 0, 4, 791.26, 145025, 569
179, 0, 415, 457, 241, 69, 31.72%, 0, 0, 4, 805.62, 149093, 569
184, 0, 415, 457, 241, 69, 31.72%, 0, 0, 4, 96.12, 152455, 569
189, 0, 415, 457, 241, 69, 31.72%, 0, 0, 4, 840.13, 154069, 569
194, 0, 415, 457, 241, 69, 31.72%, 0, 0, 4, 803.91, 157845, 569
199, 0, 415, 457, 241, 69, 31.72%, 0, 0, 4, 130.95, 160889, 569
204, 0, 415, 457, 241, 69, 31.72%, 0, 0, 4, 6.12, 161527, 569
210, 0, 415, 457, 241, 69, 31.72%, 0, 0, 4, 7.19, 161622, 569
215, 0, 415, 457, 241, 69, 31.72%, 0, 0, 4, 671.59, 165505, 569
220, 0, 415, 457, 241, 69, 31.72%, 0, 0, 4, 13.97, 165642, 569
225, 0, 415, 457, 241, 69, 31.72%, 0, 0, 4, 797.08, 167855, 569
230, 0, 408, 457, 240, 69, 31.72%, 0, 0, 4, 811.77, 171859, 569
236, 0, 408, 457, 240, 69, 31.72%, 0, 0, 4, 988.52, 177191, 569
242, 0, 394, 457, 239, 68, 31.72%, 0, 0, 4, 45.83, 179740, 569
247, 0, 394, 458, 240, 68, 31.77%, 0, 0, 4, 823.52, 184274, 570
252, 0, 447, 458, 239, 68, 31.77%, 0, 0, 4, 934.46, 189297, 570
257, 0, 447, 458, 239, 68, 31.77%, 0, 0, 4, 83.33, 193645, 570
262, 0, 242, 459, 239, 68, 31.83%, 0, 0, 4, 977.91, 198600, 571
269, 0, 242, 459, 239, 68, 31.83%, 0, 0, 4, 23.74, 201818, 571
301, 0, 242, 459, 239, 68, 31.83%, 0, 0, 4, 5.95, 202628, 571
306, 0, 451, 459, 238, 68, 31.83%, 0, 0, 4, 848.79, 206963, 571
311, 0, 451, 459, 238, 68, 31.83%, 0, 0, 4, 786.46, 210910, 571
317, 0, 405, 459, 237, 67, 31.83%, 0, 0, 4, 765.76, 214801, 571
322, 0, 405, 459, 237, 67, 31.83%, 0, 0, 4, 792.25, 218626, 571
327, 0, 439, 459, 236, 66, 31.83%, 0, 0, 4, 876.54, 222576, 571
332, 0, 439, 459, 236, 66, 31.83%, 0, 0, 4, 867.56, 227047, 571
337, 0, 433, 459, 235, 65, 31.83%, 0, 0, 4, 63.69, 230464, 571
342, 0, 433, 459, 235, 65, 31.83%, 0, 0, 4, 596.25, 233173, 571
347, 0, 433, 459, 235, 65, 31.83%, 0, 0, 4, 500.75, 235594, 571
352, 0, 443, 459, 234, 64, 31.83%, 0, 0, 4, 708.71, 239152, 571
357, 0, 443, 459, 234, 64, 31.83%, 0, 0, 4, 872.01, 243830, 571
362, 0, 140, 459, 233, 63, 31.83%, 0, 0, 4, 921.24, 248348, 571
367, 0, 140, 459, 233, 63, 31.83%, 0, 0, 4, 960.63, 253122, 571
372, 0, 197, 471, 244, 62, 32.61%, 0, 0, 4, 843.00, 256929, 585
378, 0, 197, 471, 244, 62, 32.61%, 0, 0, 4, 918.92, 260278, 585
383, 0, 462, 472, 244, 73, 32.66%, 0, 0, 4, 898.12, 264474, 586
388, 0, 462, 472, 244, 73, 32.66%, 0, 0, 4, 861.34, 268707, 586
393, 0, 423, 472, 243, 72, 32.66%, 0, 0, 4, 919.21, 273249, 586
398, 0, 423, 472, 243, 72, 32.66%, 0, 0, 4, 907.60, 277623, 586
403, 0, 456, 473, 243, 71, 32.66%, 0, 0, 4, 641.95, 280984, 586
408, 0, 456, 473, 243, 71, 32.66%, 0, 0, 4, 701.41, 284012, 586
413, 0, 456, 473, 243, 71, 32.66%, 0, 0, 4, 3.97, 286525, 586
419, 0, 456, 473, 243, 71, 32.66%, 0, 0, 4, 66.76, 286594, 586
424, 0, 456, 473, 243, 71, 32.66%, 0, 0, 4, 568.16, 288510, 586
429, 0, 456, 473, 243, 71, 32.66%, 0, 0, 4, 755.62, 291880, 586
434, 0, 456, 473, 243, 71, 32.66%, 0, 0, 4, 717.82, 295468, 586
439, 0, 456, 473, 243, 71, 32.66%, 0, 0, 4, 620.18, 298360, 586
444, 0, 456, 473, 243, 71, 32.66%, 0, 0, 4, 43.83, 300497, 586
449, 0, 456, 473, 243, 71, 32.66%, 0, 0, 4, 20.76, 300576, 586
454, 0, 456, 473, 243, 71, 32.66%, 0, 0, 4, 707.29, 302720, 586
459, 0, 456, 473, 243, 71, 32.66%, 0, 0, 4, 735.09, 306458, 586
465, 0, 456, 473, 243, 71, 32.66%, 0, 0, 4, 752.99, 309625, 586
470, 0, 436, 473, 242, 70, 32.66%, 0, 0, 4, 861.39, 313404, 586
475, 0, 436, 473, 242, 70, 32.66%, 0, 0, 4, 872.77, 317875, 586
480, 0, 421, 473, 241, 69, 32.66%, 0, 0, 4, 990.71, 323035, 586
485, 0, 378, 473, 240, 68, 32.66%, 0, 0, 4, 992.23, 328052, 586
490, 0, 378, 473, 240, 68, 32.66%, 0, 0, 4, 971.31, 332935, 586
495, 0, 459, 473, 239, 67, 32.66%, 0, 0, 4, 1013.01, 337664, 586
500, 0, 459, 473, 239, 67, 32.66%, 0, 0, 4, 944.52, 342347, 586
505, 0, 461, 473, 238, 66, 32.66%, 0, 0, 4, 927.87, 347009, 586
510, 0, 461, 473, 238, 66, 32.66%, 0, 0, 4, 919.95, 351455, 586
515, 0, 471, 473, 237, 65, 32.66%, 0, 0, 4, 966.55, 356492, 586
521, 0, 188, 475, 238, 65, 32.78%, 0, 0, 4, 933.14, 361220, 588
526, 0, 188, 475, 238, 65, 32.78%, 0, 0, 4, 1004.58, 366448, 588
531, 0, 452, 475, 237, 64, 32.78%, 0, 0, 4, 984.09, 371340, 588
536, 0, 452, 475, 237, 64, 32.78%, 0, 0, 4, 939.61, 375707, 588
541, 0, 470, 475, 236, 63, 32.78%, 0, 0, 4, 988.93, 380885, 588
546, 0, 444, 475, 235, 62, 32.78%, 0, 0, 4, 931.26, 385360, 588
551, 0, 444, 475, 235, 62, 32.78%, 0, 0, 4, 916.85, 389860, 588
556, 0, 402, 475, 234, 61, 32.78%, 0, 0, 4, 922.94, 394501, 588
561, 0, 402, 475, 234, 61, 32.78%, 0, 0, 4, 928.15, 399109, 588
566, 0, 467, 475, 233, 60, 32.78%, 0, 0, 4, 897.35, 403566, 588
571, 0, 467, 475, 233, 60, 32.78%, 0, 0, 4, 993.01, 408080, 588
576, 0, 445, 475, 232, 59, 32.78%, 0, 0, 4, 966.86, 412922, 588
596, 0, 430, 475, 231, 58, 32.78%, 0, 0, 4, 15.49, 418113, 588
601, 0, 430, 475, 231, 58, 32.78%, 0, 0, 4, 994.83, 423145, 588
606, 0, 401, 475, 230, 57, 32.78%, 0, 0, 4, 1016.60, 428290, 588
611, 0, 401, 475, 230, 57, 32.78%, 0, 0, 4, 1014.57, 433450, 588
616, 0, 404, 475, 229, 56, 32.78%, 0, 0, 4, 975.62, 438316, 588
621, 0, 463, 475, 228, 55, 32.78%, 0, 0, 4, 963.16, 443206, 588
627, 0, 463, 476, 229, 55, 32.78%, 0, 0, 4, 926.39, 447857, 588
632, 0, 403, 476, 228, 55, 32.78%, 0, 0, 4, 961.81, 452025, 588
637, 0, 403, 476, 228, 55, 32.78%, 0, 0, 4, 947.13, 456764, 588
642, 0, 400, 476, 227, 54, 32.78%, 0, 0, 4, 899.39, 461273, 588
647, 0, 400, 476, 227, 54, 32.78%, 0, 0, 4, 863.62, 465642, 588
652, 0, 419, 476, 226, 53, 32.78%, 0, 0, 4, 869.92, 469918, 588
657, 0, 419, 476, 226, 53, 32.78%, 0, 0, 4, 872.39, 474389, 588
662, 0, 11, 476, 225, 52, 32.78%, 0, 0, 4, 795.28, 478167, 588
667, 0, 11, 476, 225, 52, 32.78%, 0, 0, 4, 696.52, 481862, 588
672, 0, 429, 476, 224, 51, 32.78%, 0, 0, 4, 791.79, 485675, 588
677, 0, 429, 476, 224, 51, 32.78%, 0, 0, 4, 882.95, 489770, 588
683, 0, 428, 476, 223, 50, 32.78%, 0, 0, 4, 953.32, 494211, 588
688, 0, 428, 476, 223, 50, 32.78%, 0, 0, 4, 953.01, 499035, 588
693, 0, 469, 476, 222, 49, 32.78%, 0, 0, 4, 936.25, 503926, 588
698, 0, 469, 476, 222, 49, 32.78%, 0, 0, 4, 920.69, 508606, 588
703, 0, 376, 476, 221, 48, 32.78%, 0, 0, 4, 971.76, 513565, 588
708, 0, 455, 476, 220, 47, 32.78%, 0, 0, 4, 977.16, 518653, 588
713, 0, 455, 476, 220, 47, 32.78%, 0, 0, 4, 1008.83, 523728, 588
718, 0, 388, 476, 219, 46, 32.78%, 0, 0, 4, 1040.16, 528996, 588
723, 0, 417, 476, 218, 45, 32.78%, 0, 0, 4, 1026.60, 534119, 588
729, 0, 417, 476, 218, 45, 32.78%, 0, 0, 4, 979.43, 539199, 588
734, 0, 390, 476, 217, 44, 32.78%, 0, 0, 4, 1028.80, 544547, 588
739, 0, 465, 476, 216, 43, 32.78%, 0, 0, 4, 1042.53, 549821, 588
744, 0, 465, 476, 216, 43, 32.78%, 0, 0, 4, 980.24, 554719, 588
749, 0, 370, 476, 215, 42, 32.78%, 0, 0, 4, 957.22, 559367, 588
754, 0, 370, 476, 215, 42, 32.78%, 0, 0, 4, 1008.48, 563927, 588
759, 0, 464, 476, 214, 41, 32.78%, 0, 0, 4, 1016.94, 568645, 588
764, 0, 464, 476, 214, 41, 32.78%, 0, 0, 4, 837.70, 573409, 588
769, 0, 446, 476, 213, 40, 32.78%, 0, 0, 4, 987.50, 577941, 588
774, 0, 437, 476, 212, 39, 32.78%, 0, 0, 4, 968.63, 583255, 588
779, 0, 437, 476, 212, 39, 32.78%, 0, 0, 4, 576.96, 586831, 588
785, 0, 437, 476, 212, 39, 32.78%, 0, 0, 4, 816.98, 590525, 588
790, 0, 475, 477, 212, 38, 32.78%, 0, 0, 4, 957.57, 594489, 588
796, 0, 377, 478, 212, 38, 32.78%, 0, 0, 4, 94.91, 599021, 588
801, 0, 377, 478, 212, 38, 32.78%, 0, 0, 4, 1151.85, 604555, 588
807, 0, 407, 478, 211, 37, 32.78%, 0, 0, 4, 1065.52, 610035, 588
812, 0, 407, 478, 211, 37, 32.78%, 0, 0, 4, 1060.98, 615432, 588
817, 0, 448, 478, 210, 36, 32.78%, 0, 0, 4, 1002.74, 620548, 588
822, 0, 414, 478, 209, 35, 32.78%, 0, 0, 4, 874.81, 625074, 588
828, 0, 414, 478, 209, 35, 32.78%, 0, 0, 4, 2.26, 627267, 588
833, 0, 414, 478, 209, 35, 32.78%, 0, 0, 4, 619.06, 628787, 588
838, 0, 414, 478, 209, 35, 32.78%, 0, 0, 4, 777.86, 633038, 588
844, 0, 414, 478, 209, 35, 32.78%, 0, 0, 4, 809.13, 637151, 588
849, 0, 414, 478, 209, 35, 32.78%, 0, 0, 4, 784.57, 641078, 588
854, 0, 414, 478, 209, 35, 32.78%, 0, 0, 4, 735.49, 644425, 588
859, 0, 414, 478, 209, 35, 32.78%, 0, 0, 4, 755.94, 648233, 588
864, 0, 414, 478, 209, 35, 32.78%, 0, 0, 4, 771.78, 651968, 588
869, 0, 414, 478, 209, 35, 32.78%, 0, 0, 4, 783.10, 655898, 588
874, 0, 411, 478, 208, 34, 32.78%, 0, 0, 4, 697.08, 659331, 588
879, 0, 411, 478, 208, 34, 32.78%, 0, 0, 4, 652.43, 662711, 588
884, 0, 457, 478, 207, 33, 32.78%, 0, 0, 4, 699.50, 666013, 588
889, 0, 457, 478, 207, 33, 32.78%, 0, 0, 4, 953.69, 671172, 588
895, 0, 373, 478, 206, 32, 32.78%, 0, 0, 4, 988.96, 675391, 588
900, 0, 373, 478, 206, 32, 32.78%, 0, 0, 4, 1015.12, 680582, 588
905, 0, 424, 478, 205, 31, 32.78%, 0, 0, 4, 932.79, 685080, 588
910, 0, 458, 478, 204, 30, 32.78%, 0, 0, 4, 1032.65, 689683, 588
915, 0, 458, 478, 204, 30, 32.78%, 0, 0, 4, 1007.77, 694743, 588
920, 0, 191, 478, 203, 29, 32.78%, 0, 0, 4, 954.32, 699411, 588
925, 0, 191, 478, 203, 29, 32.78%, 0, 0, 4, 973.39, 704282, 588
931, 0, 422, 478, 202, 28, 32.78%, 0, 0, 4, 1103.27, 710178, 588
936, 0, 440, 478, 201, 27, 32.78%, 0, 0, 4, 1007.31, 714983, 588
941, 0, 440, 478, 201, 27, 32.78%, 0, 0, 4, 1010.42, 720103, 588
946, 0, 420, 478, 200, 26, 32.78%, 0, 0, 4, 1014.03, 725246, 588
951, 0, 474, 478, 199, 25, 32.78%, 0, 0, 4, 1016.39, 730439, 588
956, 0, 474, 479, 200, 25, 32.83%, 0, 0, 4, 1024.11, 735627, 589
961, 0, 441, 479, 199, 25, 32.83%, 0, 0, 4, 1010.35, 740712, 589
966, 0, 441, 479, 199, 25, 32.83%, 0, 0, 4, 997.10, 745851, 589
971, 0, 406, 479, 198, 24, 32.83%, 0, 0, 4, 1006.74, 750933, 589
976, 0, 442, 479, 197, 23, 32.83%, 0, 0, 4, 1003.16, 756038, 589
981, 0, 442, 479, 197, 23, 32.83%, 0, 0, 4, 986.00, 761005, 589
986, 0, 466, 479, 196, 22, 32.83%, 0, 0, 4, 1000.84, 766221, 589
992, 0, 466, 479, 196, 22, 32.83%, 0, 0, 4, 996.38, 771222, 589
997, 0, 395, 479, 195, 21, 32.83%, 0, 0, 4, 1003.20, 776262, 589
1002, 0, 478, 479, 194, 20, 32.83%, 0, 0, 4, 1008.41, 781302, 589
1007, 0, 478, 480, 195, 20, 32.89%, 0, 0, 4, 1031.06, 786490, 590
1012, 0, 479, 480, 194, 20, 32.89%, 0, 0, 4, 1026.38, 791670, 590
1017, 0, 393, 480, 193, 19, 32.89%, 0, 0, 4, 1001.73, 796611, 590
1022, 0, 393, 480, 193, 19, 32.89%, 0, 0, 4, 1001.57, 801751, 590
1027, 0, 412, 480, 192, 18, 32.89%, 0, 0, 4, 649.75, 805511, 590
1032, 0, 412, 480, 192, 18, 32.89%, 0, 0, 4, 58.04, 808777, 590
1037, 0, 412, 480, 192, 18, 32.89%, 0, 0, 4, 668.29, 811819, 590
1042, 0, 453, 480, 191, 17, 32.89%, 0, 0, 4, 76.58, 816226, 590
1047, 0, 425, 480, 190, 16, 32.89%, 0, 0, 4, 960.49, 821054, 590
1052, 0, 425, 480, 190, 16, 32.89%, 0, 0, 4, 963.04, 825805, 590
1057, 0, 460, 480, 189, 15, 32.89%, 0, 0, 4, 961.72, 830429, 590
1062, 0, 460, 481, 190, 15, 32.89%, 0, 0, 4, 992.82, 835453, 590
1067, 0, 473, 482, 190, 15, 32.94%, 0, 0, 4, 1032.48, 840642, 591
1072, 0, 212, 482, 189, 15, 32.94%, 0, 0, 4, 117.17, 845510, 591
1078, 0, 212, 482, 189, 15, 32.94%, 0, 0, 4, 123.54, 846156, 591
1083, 0, 212, 482, 189, 15, 32.94%, 0, 0, 4, 120.59, 846756, 591
1088, 0, 212, 482, 189, 15, 32.94%, 0, 0, 4, 119.19, 847376, 591
1093, 0, 212, 482, 189, 15, 32.94%, 0, 0, 4, 114.92, 847926, 591
1098, 0, 212, 482, 189, 15, 32.94%, 0, 0, 4, 116.16, 848490, 591
1103, 0, 212, 482, 189, 15, 32.94%, 0, 0, 4, 115.81, 849092, 591
1108, 0, 212, 482, 189, 15, 32.94%, 0, 0, 4, 125.98, 849614, 591
1113, 0, 212, 482, 189, 15, 32.94%, 0, 0, 4, 110.68, 850158, 591
1118, 0, 212, 482, 189, 15, 32.94%, 0, 0, 4, 120.43, 850794, 591
1124, 0, 212, 482, 189, 15, 32.94%, 0, 0, 4, 106.35, 851346, 591
1129, 0, 212, 482, 189, 15, 32.94%, 0, 0, 4, 123.60, 851982, 591
1134, 0, 212, 482, 189, 15, 32.94%, 0, 0, 4, 129.92, 852644, 591
1139, 0, 212, 482, 189, 15, 32.94%, 0, 0, 4, 128.49, 853290, 591
1144, 0, 434, 482, 188, 14, 32.94%, 0, 0, 4, 988.64, 856042, 591
1149, 0, 434, 482, 188, 14, 32.94%, 0, 0, 4, 967.17, 860868, 591
1154, 0, 454, 482, 187, 13, 32.94%, 0, 0, 4, 1086.50, 866284, 591
1159, 0, 481, 483, 187, 12, 33.00%, 0, 0, 5, 1162.22, 872213, 592
1164, 0, 481, 483, 187, 12, 33.00%, 0, 0, 5, 1101.68, 877818, 592
1169, 0, 324, 484, 187, 12, 33.00%, 0, 0, 5, 256.41, 881114, 592
1174, 0, 324, 484, 187, 12, 33.00%, 0, 0, 5, 49.87, 883081, 592
1180, 0, 324, 484, 187, 12, 33.00%, 0, 0, 5, 5.64, 883156, 592
1185, 0, 324, 486, 189, 12, 33.00%, 0, 0, 5, 622.18, 885842, 592
1190, 0, 324, 486, 189, 12, 33.00%, 0, 0, 5, 723.94, 889698, 592
1195, 0, 324, 486, 189, 12, 33.00%, 0, 0, 5, 725.09, 893408, 592
1200, 0, 324, 486, 189, 12, 33.00%, 0, 0, 5, 792.72, 897275, 592
1206, 0, 324, 486, 189, 12, 33.00%, 0, 0, 5, 695.87, 900744, 592
1211, 0, 324, 486, 189, 12, 33.00%, 0, 0, 5, 764.74, 903305, 592
1216, 0, 324, 486, 189, 12, 33.00%, 0, 0, 5, 761.80, 907175, 592
1221, 0, 324, 486, 189, 12, 33.00%, 0, 0, 5, 721.63, 910824, 592
1226, 0, 482, 487, 189, 12, 33.05%, 0, 0, 6, 1073.47, 916744, 593
1231, 0, 435, 487, 188, 12, 33.05%, 0, 0, 6, 1129.01, 921817, 593
1236, 0, 435, 487, 188, 12, 33.05%, 0, 0, 6, 1041.70, 927015, 593
1241, 0, 486, 487, 187, 11, 33.05%, 0, 0, 6, 1124.53, 932639, 593
1246, 0, 438, 487, 186, 10, 33.05%, 0, 0, 6, 1154.25, 938542, 593
1251, 0, 432, 487, 185, 9, 33.05%, 0, 0, 6, 1097.88, 944262, 593
1257, 0, 432, 487, 185, 9, 33.05%, 0, 0, 6, 801.30, 947956, 593
1262, 0, 432, 487, 185, 9, 33.05%, 0, 0, 6, 722.00, 951328, 593
1267, 0, 480, 488, 185, 8, 33.05%, 0, 0, 6, 1154.09, 956108, 593
1272, 0, 416, 489, 185, 8, 33.05%, 0, 0, 6, 1054.15, 961241, 593
1277, 0, 416, 489, 185, 8, 33.05%, 0, 0, 6, 865.44, 965249, 593
1282, 0, 416, 489, 185, 8, 33.05%, 0, 0, 6, 51.64, 968262, 593
1288, 0, 416, 489, 185, 8, 33.05%, 0, 0, 6, 2.69, 968314, 593
1293, 0, 416, 489, 185, 8, 33.05%, 0, 0, 6, 10.95, 968504, 593
1298, 0, 416, 489, 185, 8, 33.05%, 0, 0, 6, 897.84, 972678, 593
1303, 0, 416, 489, 185, 8, 33.05%, 0, 0, 6, 867.22, 977064, 593
1308, 0, 416, 489, 185, 8, 33.05%, 0, 0, 6, 840.62, 981306, 593
1313, 0, 416, 489, 185, 8, 33.05%, 0, 0, 6, 814.73, 985370, 593
1318, 0, 416, 489, 185, 8, 33.05%, 0, 0, 6, 817.24, 989530, 593
1324, 0, 416, 489, 185, 8, 33.05%, 0, 0, 6, 44.34, 989840, 593
1329, 0, 399, 489, 184, 7, 33.05%, 0, 0, 6, 798.80, 993520, 593
1334, 0, 399, 489, 184, 7, 33.05%, 0, 0, 6, 1124.90, 998619, 593
1339, 0, 487, 489, 183, 6, 33.05%, 0, 0, 6, 1005.71, 1003436, 593
1344, 0, 487, 489, 183, 6, 33.05%, 0, 0, 6, 1002.97, 1008452, 593
1349, 0, 437, 489, 182, 5, 33.05%, 0, 0, 6, 913.88, 1012984, 593
1354, 0, 437, 489, 182, 5, 33.05%, 0, 0, 6, 894.85, 1017408, 593
1359, 0, 5, 489, 182, 5, 33.05%, 0, 0, 6, 828.10, 1021231, 593
1364, 0, 5, 489, 182, 5, 33.05%, 0, 0, 6, 875.94, 1025721, 593
1370, 0, 455, 489, 181, 5, 33.05%, 0, 0, 6, 941.29, 1030375, 593
1375, 0, 39, 489, 181, 5, 33.05%, 0, 0, 6, 918.85, 1034949, 593
1380, 0, 39, 489, 181, 5, 33.05%, 0, 0, 6, 790.65, 1038012, 593
1385, 0, 39, 489, 181, 5, 33.05%, 0, 0, 6, 869.17, 1042497, 593
1390, 0, 39, 489, 181, 5, 33.05%, 0, 0, 6, 841.53, 1046118, 593
1395, 0, 39, 489, 181, 5, 33.05%, 0, 0, 6, 16.39, 1046180, 593
1400, 0, 39, 489, 181, 5, 33.05%, 0, 0, 6, 520.31, 1047621, 593
1405, 0, 39, 489, 181, 5, 33.05%, 0, 0, 6, 810.66, 1052017, 593
1410, 0, 39, 489, 181, 5, 33.05%, 0, 0, 6, 888.16, 1056675, 593
1416, 0, 390, 489, 180, 5, 33.05%, 0, 0, 6, 976.85, 1061687, 593
1421, 0, 390, 489, 180, 5, 33.05%, 0, 0, 6, 962.23, 1065924, 593
1426, 0, 390, 489, 180, 5, 33.05%, 0, 0, 6, 1052.07, 1071408, 593
1431, 0, 390, 489, 180, 5, 33.05%, 0, 0, 6, 994.97, 1076336, 593
1436, 0, 390, 489, 180, 5, 33.05%, 0, 0, 6, 989.78, 1081200, 593
1441, 0, 383, 489, 180, 5, 33.05%, 0, 0, 6, 996.65, 1086263, 593
1446, 0, 383, 489, 180, 5, 33.05%, 0, 0, 6, 1008.43, 1091369, 593
1451, 0, 383, 489, 180, 5, 33.05%, 0, 0, 6, 1001.16, 1096349, 593
1456, 0, 383, 489, 180, 5, 33.05%, 0, 0, 6, 1019.33, 1101609, 593
1461, 0, 383, 489, 180, 5, 33.05%, 0, 0, 6, 1012.41, 1106789, 593
1466, 0, 390, 489, 180, 5, 33.05%, 0, 0, 6, 1005.90, 1111865, 593
1471, 0, 390, 489, 180, 5, 33.05%, 0, 0, 6, 999.40, 1117014, 593
1476, 0, 390, 489, 180, 5, 33.05%, 0, 0, 6, 1016.56, 1122085, 593
1481, 0, 390, 489, 180, 5, 33.05%, 0, 0, 6, 1036.50, 1127345, 593
1487, 0, 390, 489, 180, 5, 33.05%, 0, 0, 6, 974.29, 1132271, 593
1492, 0, 477, 490, 181, 5, 33.05%, 0, 0, 6, 1018.33, 1137560, 593
1497, 0, 477, 490, 181, 5, 33.05%, 0, 0, 6, 1000.12, 1142293, 593
1502, 0, 477, 490, 181, 5, 33.05%, 0, 0, 6, 1012.44, 1147240, 593
1507, 0, 477, 490, 181, 5, 33.05%, 0, 0, 6, 1034.55, 1152620, 593
1512, 0, 391, 490, 180, 5, 33.05%, 0, 0, 6, 1062.06, 1158013, 593
1517, 0, 391, 490, 180, 5, 33.05%, 0, 0, 6, 1072.60, 1163578, 593
1523, 0, 391, 490, 180, 5, 33.05%, 0, 0, 6, 1032.71, 1168476, 593
1528, 0, 391, 490, 180, 5, 33.05%, 0, 0, 6, 1059.42, 1173868, 593
1533, 0, 391, 490, 180, 5, 33.05%, 0, 0, 6, 1079.65, 1179391, 593
1538, 0, 450, 490, 180, 5, 33.05%, 0, 0, 6, 1060.75, 1184773, 593
1543, 0, 450, 490, 180, 5, 33.05%, 0, 0, 6, 1068.06, 1190170, 593
1548, 0, 450, 490, 180, 5, 33.05%, 0, 0, 6, 1047.05, 1195352, 593
1553, 0, 450, 490, 180, 5, 33.05%, 0, 0, 6, 1082.97, 1200838, 593
1558, 0, 450, 490, 180, 5, 33.05%, 0, 0, 6, 1041.02, 1206212, 593
1563, 0, 447, 490, 180, 5, 33.05%, 0, 0, 6, 1017.17, 1211248, 593
1568, 0, 447, 490, 180, 5, 33.05%, 0, 0, 6, 1015.79, 1216028, 593
1573, 0, 447, 490, 180, 5, 33.05%, 0, 0, 6, 1033.53, 1221268, 593
1578, 0, 447, 490, 180, 5, 33.05%, 0, 0, 6, 1051.16, 1226528, 593
1583, 0, 489, 491, 181, 5, 33.05%, 0, 0, 6, 1069.67, 1231949, 593
1589, 0, 489, 491, 181, 5, 33.05%, 0, 0, 6, 1005.27, 1237063, 593
1594, 0, 489, 491, 181, 5, 33.05%, 0, 0, 6, 1008.19, 1241603, 593
1599, 0, 489, 491, 181, 5, 33.05%, 0, 0, 6, 1027.55, 1246803, 593
1604, 0, 489, 491, 181, 5, 33.05%, 0, 0, 6, 1047.36, 1251923, 593
1609, 0, 489, 491, 181, 5, 33.05%, 0, 0, 6, 212.41, 1252616, 593
1614, 0, 476, 491, 180, 6, 33.05%, 0, 0, 6, 786.08, 1257205, 593
1619, 0, 476, 491, 180, 6, 33.05%, 0, 0, 6, 996.07, 1262505, 593
1624, 0, 476, 491, 180, 6, 33.05%, 0, 0, 6, 1053.79, 1267960, 593
1629, 0, 476, 491, 180, 6, 33.05%, 0, 0, 6, 1030.11, 1273150, 593
1635, 0, 476, 491, 180, 6, 33.05%, 0, 0, 6, 1025.06, 1278330, 593
1640, 0, 213, 491, 179, 5, 33.05%, 0, 0, 6, 974.70, 1283242, 593
1645, 0, 213, 491, 179, 5, 33.05%, 0, 0, 6, 960.37, 1288125, 593
1650, 0, 213, 491, 179, 5, 33.05%, 0, 0, 6, 952.08, 1292951, 593
1655, 0, 213, 491, 179, 5, 33.05%, 0, 0, 6, 959.70, 1297815, 593
1660, 0, 213, 491, 179, 5, 33.05%, 0, 0, 6, 973.44, 1302793, 593
1665, 0, 213, 491, 179, 5, 33.05%, 0, 0, 6, 878.89, 1307308, 593
1670, 0, 213, 491, 179, 5, 33.05%, 0, 0, 6, 915.81, 1311898, 593
1675, 0, 446, 491, 178, 5, 33.05%, 0, 0, 6, 970.69, 1316846, 593
1680, 0, 384, 491, 178, 5, 33.05%, 0, 0, 6, 982.80, 1321846, 593
1685, 0, 384, 491, 178, 5, 33.05%, 0, 0, 6, 1015.31, 1327024, 593
1690, 0, 490, 491, 178, 5, 33.05%, 0, 0, 6, 1040.17, 1332307, 593
1696, 0, 490, 491, 178, 5, 33.05%, 0, 0, 6, 1008.57, 1337507, 593
1701, 0, 388, 491, 177, 4, 33.05%, 0, 0, 6, 997.97, 1342611, 593
1706, 0, 431, 491, 177, 4, 33.05%, 0, 0, 6, 397.84, 1346313, 593
1711, 0, 431, 491, 177, 4, 33.05%, 0, 0, 6, 714.73, 1350233, 593
1716, 0, 426, 491, 177, 4, 33.05%, 0, 0, 6, 863.29, 1354600, 593
1721, 0, 426, 491, 177, 4, 33.05%, 0, 0, 6, 1018.19, 1359143, 593
1726, 0, 384, 491, 177, 4, 33.05%, 0, 0, 6, 1041.72, 1364295, 593
1732, 0, 384, 491, 177, 4, 33.05%, 0, 0, 6, 1063.86, 1369655, 593
1737, 0, 389, 491, 177, 4, 33.05%, 0, 0, 6, 36.31, 1370308, 593
1742, 0, 389, 491, 177, 4, 33.05%, 0, 0, 6, 1062.58, 1374586, 593
1748, 0, 479, 491, 176, 4, 33.05%, 0, 0, 6, 1029.03, 1379855, 593
1753, 0, 479, 492, 177, 4, 33.11%, 0, 0, 6, 1055.53, 1385264, 594
1758, 0, 491, 492, 177, 5, 33.11%, 0, 0, 6, 144.24, 1390141, 594
1763, 0, 382, 492, 176, 4, 33.11%, 0, 0, 6, 1081.26, 1395587, 594
1768, 0, 382, 492, 176, 4, 33.11%, 0, 0, 6, 885.33, 1400508, 594
1773, 0, 479, 492, 176, 4, 33.11%, 0, 0, 6, 879.60, 1404875, 594
1778, 0, 479, 492, 176, 4, 33.11%, 0, 0, 6, 963.86, 1409833, 594
1783, 0, 491, 492, 176, 4, 33.11%, 0, 0, 6, 979.82, 1414814, 594
1788, 0, 491, 492, 176, 4, 33.11%, 0, 0, 6, 935.55, 1419489, 594
1793, 0, 390, 492, 176, 4, 33.11%, 0, 0, 6, 981.62, 1424336, 594
1798, 0, 472, 493, 177, 4, 33.11%, 0, 0, 6, 27.99, 1428233, 594
1804, 0, 472, 493, 177, 4, 33.11%, 0, 0, 6, 14.12, 1431565, 594
1809, 0, 472, 493, 177, 4, 33.11%, 0, 0, 6, 758.26, 1435514, 594
1814, 0, 472, 493, 177, 4, 33.11%, 0, 0, 6, 788.59, 1439639, 594
1820, 0, 472, 493, 177, 4, 33.11%, 0, 0, 6, 99.67, 1443629, 594
1825, 0, 472, 493, 177, 4, 33.11%, 0, 0, 6, 795.49, 1447154, 594
1830, 0, 472, 493, 177, 4, 33.11%, 0, 0, 6, 779.81, 1450874, 594
1835, 0, 472, 493, 177, 4, 33.11%, 0, 0, 6, 794.88, 1455014, 594
1840, 0, 472, 493, 177, 4, 33.11%, 0, 0, 6, 757.98, 1458839, 594
1845, 0, 388, 493, 176, 5, 33.11%, 0, 0, 6, 864.94, 1463081, 594
1850, 0, 388, 493, 176, 5, 33.11%, 0, 0, 6, 983.06, 1468306, 594
1855, 0, 443, 493, 176, 5, 33.11%, 0, 0, 6, 970.34, 1473211, 594
1860, 0, 431, 493, 176, 5, 33.11%, 0, 0, 6, 923.28, 1477853, 594
1865, 0, 431, 493, 176, 5, 33.11%, 0, 0, 6, 876.85, 1482202, 594
1870, 0, 492, 493, 176, 5, 33.11%, 0, 0, 6, 832.05, 1486412, 594
1875, 0, 492, 493, 176, 5, 33.11%, 0, 0, 6, 792.39, 1490334, 594
1880, 0, 492, 493, 176, 5, 33.11%, 0, 0, 6, 779.12, 1494279, 594
1885, 0, 492, 493, 176, 5, 33.11%, 0, 0, 6, 765.92, 1498119, 594
1891, 0, 492, 493, 176, 5, 33.11%, 0, 0, 6, 793.19, 1502289, 594
1896, 0, 492, 493, 176, 5, 33.11%, 0, 0, 6, 781.93, 1506159, 594
1901, 0, 492, 493, 176, 5, 33.11%, 0, 0, 6, 800.29, 1510284, 594
1906, 0, 492, 493, 176, 5, 33.11%, 0, 0, 6, 803.55, 1514364, 594
1911, 0, 455, 493, 175, 4, 33.11%, 0, 0, 6, 818.77, 1518588, 594
1916, 0, 455, 493, 175, 4, 33.11%, 0, 0, 6, 961.80, 1523590, 594
1921, 0, 479, 493, 175, 4, 33.11%, 0, 0, 6, 1003.74, 1528864, 594
1926, 0, 479, 493, 175, 4, 33.11%, 0, 0, 6, 1024.55, 1534104, 594
1931, 0, 384, 493, 175, 4, 33.11%, 0, 0, 6, 1022.42, 1539216, 594
1936, 0, 381, 513, 195, 9, 34.17%, 0, 0, 6, 595.00, 1542774, 613
1942, 0, 381, 513, 195, 9, 34.17%, 0, 0, 6, 961.69, 1548231, 613
1947, 0, 505, 513, 194, 8, 34.17%, 0, 0, 6, 996.67, 1553508, 613
1952, 0, 505, 513, 194, 8, 34.17%, 0, 0, 6, 969.50, 1558372, 613
1957, 0, 510, 513, 193, 7, 34.17%, 0, 0, 6, 988.39, 1563325, 613
1962, 0, 438, 513, 192, 6, 34.17%, 0, 0, 6, 967.52, 1568002, 613
1967, 0, 438, 513, 192, 6, 34.17%, 0, 0, 6, 944.70, 1572757, 613
1972, 0, 493, 513, 192, 6, 34.17%, 0, 0, 6, 136.97, 1575869, 613
1977, 0, 493, 513, 192, 6, 34.17%, 0, 0, 6, 130.72, 1576509, 613
1982, 0, 493, 513, 192, 6, 34.17%, 0, 0, 6, 127.70, 1577139, 613
1988, 0, 493, 513, 192, 6, 34.17%, 0, 0, 6, 137.43, 1577857, 613
1993, 0, 493, 513, 192, 6, 34.17%, 0, 0, 6, 139.13, 1578455, 613
1998, 0, 493, 513, 192, 6, 34.17%, 0, 0, 6, 137.17, 1579105, 613
2003, 0, 493, 513, 192, 6, 34.17%, 0, 0, 6, 140.17, 1579831, 613
2008, 0, 493, 513, 192, 6, 34.17%, 0, 0, 6, 11.78, 1580095, 613
2013, 0, 493, 513, 192, 6, 34.17%, 0, 0, 6, 126.62, 1580467, 613
2019, 0, 493, 513, 192, 6, 34.17%, 0, 0, 6, 132.56, 1581165, 613
2024, 0, 493, 513, 192, 6, 34.17%, 0, 0, 6, 131.17, 1581843, 613
2029, 0, 493, 513, 192, 6, 34.17%, 0, 0, 6, 138.28, 1582565, 613
2034, 0, 493, 513, 192, 6, 34.17%, 0, 0, 6, 138.97, 1583281, 613
2039, 0, 493, 513, 192, 6, 34.17%, 0, 0, 6, 135.99, 1583973, 613
2044, 0, 493, 513, 192, 6, 34.17%, 0, 0, 6, 137.75, 1584681, 613
2050, 0, 493, 513, 192, 6, 34.17%, 0, 0, 6, 133.99, 1585387, 613
2055, 0, 493, 513, 192, 6, 34.17%, 0, 0, 6, 139.28, 1586039, 613
2060, 0, 493, 513, 192, 6, 34.17%, 0, 0, 6, 142.23, 1586671, 613
2065, 0, 493, 513, 192, 6, 34.17%, 0, 0, 6, 142.83, 1587357, 613
2070, 0, 493, 513, 192, 6, 34.17%, 0, 0, 6, 144.10, 1588099, 613
2075, 0, 493, 513, 192, 6, 34.17%, 0, 0, 6, 137.42, 1588777, 613
2080, 0, 493, 513, 192, 6, 34.17%, 0, 0, 6, 134.28, 1589457, 613
2085, 0, 493, 513, 192, 6, 34.17%, 0, 0, 6, 136.31, 1590067, 613
2091, 0, 493, 513, 192, 6, 34.17%, 0, 0, 6, 2.79, 1590399, 613
2096, 0, 493, 513, 192, 6, 34.17%, 0, 0, 6, 37.18, 1590496, 613
2102, 0, 493, 513, 192, 6, 34.17%, 0, 0, 6, 5.93, 1590602, 613
2107, 0, 493, 513, 192, 6, 34.17%, 0, 0, 6, 100.17, 1590981, 613
2112, 0, 493, 513, 192, 6, 34.17%, 0, 0, 6, 105.63, 1591425, 613
2117, 0, 493, 513, 192, 6, 34.17%, 0, 0, 6, 144.35, 1591823, 613
2123, 0, 493, 513, 192, 6, 34.17%, 0, 0, 6, 141.83, 1592555, 613
2128, 0, 493, 513, 192, 6, 34.17%, 0, 0, 6, 146.38, 1593273, 613
2133, 0, 493, 514, 193, 6, 34.34%, 0, 0, 6, 134.15, 1593929, 616
2138, 0, 493, 514, 193, 6, 34.34%, 0, 0, 6, 133.96, 1594605, 616
2143, 0, 493, 514, 193, 6, 34.34%, 0, 0, 6, 121.16, 1595125, 616
2148, 0, 493, 514, 193, 6, 34.34%, 0, 0, 6, 119.90, 1595677, 616
2153, 0, 493, 514, 193, 6, 34.34%, 0, 0, 6, 17.88, 1595956, 616
2158, 0, 493, 514, 193, 6, 34.34%, 0, 0, 6, 77.27, 1596282, 616
2163, 0, 493, 514, 193, 6, 34.34%, 0, 0, 6, 127.32, 1596995, 616
2169, 0, 493, 514, 193, 6, 34.34%, 0, 0, 6, 137.59, 1597615, 616
2174, 0, 493, 514, 193, 6, 34.34%, 0, 0, 6, 135.16, 1598267, 616
2179, 0, 493, 514, 193, 6, 34.34%, 0, 0, 6, 124.92, 1598835, 616
2184, 0, 493, 514, 193, 6, 34.34%, 0, 0, 6, 1.52, 1599001, 616
2190, 0, 493, 514, 193, 6, 34.34%, 0, 0, 6, 140.80, 1599583, 616
2195, 0, 479, 515, 193, 7, 34.34%, 0, 0, 6, 982.89, 1601404, 616
2200, 0, 479, 515, 193, 7, 34.34%, 0, 0, 6, 951.24, 1606019, 616
2205, 0, 479, 515, 193, 7, 34.34%, 0, 0, 6, 991.68, 1611056, 616
2210, 0, 479, 515, 193, 7, 34.34%, 0, 0, 6, 975.96, 1615768, 616
2215, 0, 479, 515, 193, 7, 34.34%, 0, 0, 6, 982.45, 1620651, 616
2220, 0, 450, 515, 193, 7, 34.34%, 0, 0, 6, 1014.61, 1625965, 616
2225, 0, 450, 515, 193, 7, 34.34%, 0, 0, 6, 1011.59, 1631145, 616
2230, 0, 450, 515, 193, 7, 34.34%, 0, 0, 6, 990.83, 1636126, 616
2236, 0, 450, 515, 193, 7, 34.34%, 0, 0, 6, 967.77, 1641123, 616
2241, 0, 450, 515, 193, 7, 34.34%, 0, 0, 6, 952.08, 1645931, 616
2246, 0, 390, 515, 193, 7, 34.34%, 0, 0, 6, 994.20, 1650974, 616
2251, 0, 390, 515, 193, 7, 34.34%, 0, 0, 6, 984.98, 1656009, 616
2256, 0, 390, 515, 193, 7, 34.34%, 0, 0, 6, 1006.26, 1661001, 616
2261, 0, 390, 515, 193, 7, 34.34%, 0, 0, 6, 990.67, 1666003, 616
2266, 0, 390, 515, 193, 7, 34.34%, 0, 0, 6, 990.87, 1671000, 616
2271, 0, 509, 515, 193, 7, 34.34%, 0, 0, 6, 918.99, 1675668, 616
2277, 0, 509, 515, 193, 7, 34.34%, 0, 0, 6, 10.61, 1676502, 616
2282, 0, 509, 515, 193, 7, 34.34%, 0, 0, 6, 1.99, 1676518, 616
2287, 0, 509, 515, 193, 7, 34.34%, 0, 0, 6, 892.30, 1679568, 616
2293, 0, 509, 515, 193, 7, 34.34%, 0, 0, 6, 914.55, 1683786, 616
2298, 0, 509, 515, 193, 7, 34.34%, 0, 0, 6, 892.57, 1688306, 616
2303, 0, 509, 515, 193, 7, 34.34%, 0, 0, 6, 890.61, 1692794, 616
2308, 0, 509, 515, 193, 7, 34.34%, 0, 0, 6, 878.43, 1695412, 616
2313, 0, 509, 515, 193, 7, 34.34%, 0, 0, 6, 377.71, 1699524, 616
2318, 0, 509, 515, 193, 7, 34.34%, 0, 0, 6, 773.30, 1704018, 616
2323, 0, 371, 515, 192, 6, 34.34%, 0, 0, 6, 928.39, 1708868, 616
2328, 0, 371, 515, 192, 6, 34.34%, 0, 0, 6, 1002.50, 1713737, 616
2333, 0, 390, 515, 192, 6, 34.34%, 0, 0, 6, 1041.37, 1718958, 616
2338, 0, 425, 515, 192, 6, 34.34%, 0, 0, 6, 1043.36, 1724110, 616
2343, 0, 425, 515, 192, 6, 34.34%, 0, 0, 6, 1038.39, 1729290, 616
2349, 0, 411, 515, 192, 6, 34.34%, 0, 0, 6, 682.68, 1732680, 616
2354, 0, 411, 515, 192, 6, 34.34%, 0, 0, 6, 671.67, 1736060, 616
2359, 0, 411, 515, 192, 6, 34.34%, 0, 0, 6, 714.35, 1739268, 616
2364, 0, 506, 515, 192, 6, 34.34%, 0, 0, 6, 981.07, 1743647, 616
2369, 0, 390, 515, 191, 5, 34.34%, 0, 0, 6, 1018.34, 1748777, 616
2374, 0, 390, 515, 191, 5, 34.34%, 0, 0, 6, 83.70, 1752979, 616
2379, 0, 481, 515, 191, 5, 34.34%, 0, 0, 6, 1061.08, 1758304, 616
2384, 0, 481, 515, 191, 5, 34.34%, 0, 0, 6, 996.06, 1763052, 616
2389, 0, 437, 515, 191, 5, 34.34%, 0, 0, 6, 951.16, 1767881, 616
2394, 0, 437, 515, 191, 5, 34.34%, 0, 0, 6, 907.35, 1771443, 616
2400, 0, 186, 515, 191, 5, 34.34%, 0, 0, 6, 962.60, 1776027, 616
2405, 0, 186, 515, 191, 5, 34.34%, 0, 0, 6, 781.62, 1777444, 616
2410, 0, 186, 515, 191, 5, 34.34%, 0, 0, 6, 899.67, 1782331, 616
2415, 0, 186, 515, 191, 5, 34.34%, 0, 0, 6, 924.39, 1787152, 616
2420, 0, 186, 515, 191, 5, 34.34%, 0, 0, 6, 943.94, 1792120, 616
2425, 0, 384, 515, 190, 5, 34.34%, 0, 0, 6, 1000.98, 1797183, 616
2430, 0, 384, 515, 190, 5, 34.34%, 0, 0, 6, 1142.98, 1803064, 616
2435, 0, 384, 515, 190, 5, 34.34%, 0, 0, 6, 1166.81, 1809280, 616
2441, 0, 384, 515, 190, 5, 34.34%, 0, 0, 6, 1075.98, 1814773, 616
2446, 0, 384, 515, 190, 5, 34.34%, 0, 0, 6, 1108.63, 1819938, 616
2451, 0, 390, 515, 190, 5, 34.34%, 0, 0, 6, 994.99, 1824916, 616
2456, 0, 390, 515, 190, 5, 34.34%, 0, 0, 6, 986.81, 1829682, 616
2461, 0, 390, 515, 190, 5, 34.34%, 0, 0, 6, 1050.81, 1835136, 616
2466, 0, 390, 515, 190, 5, 34.34%, 0, 0, 6, 1071.15, 1840609, 616
2471, 0, 465, 515, 190, 5, 34.34%, 0, 0, 6, 1073.19, 1846075, 616
2477, 0, 465, 515, 190, 5, 34.34%, 0, 0, 6, 1030.89, 1851372, 616
2482, 0, 465, 515, 190, 5, 34.34%, 0, 0, 6, 1057.06, 1856680, 616
2487, 0, 465, 515, 190, 5, 34.34%, 0, 0, 6, 1194.24, 1862848, 616
2492, 0, 465, 515, 190, 5, 34.34%, 0, 0, 6, 1114.89, 1868606, 616
2497, 0, 421, 515, 190, 5, 34.34%, 0, 0, 6, 1043.26, 1873928, 616
2502, 0, 421, 515, 190, 5, 34.34%, 0, 0, 6, 1012.63, 1879008, 616
2507, 0, 421, 515, 190, 5, 34.34%, 0, 0, 6, 988.95, 1883470, 616
2512, 0, 421, 515, 190, 5, 34.34%, 0, 0, 6, 925.59, 1887994, 616
2517, 0, 421, 515, 190, 5, 34.34%, 0, 0, 6, 999.34, 1892448, 616
2523, 0, 414, 515, 190, 5, 34.34%, 0, 0, 6, 13.61, 1895217, 616
2528, 0, 414, 515, 190, 5, 34.34%, 0, 0, 6, 3.40, 1895249, 616
2534, 0, 414, 515, 190, 5, 34.34%, 0, 0, 6, 3.46, 1895266, 616
2539, 0, 414, 515, 190, 5, 34.34%, 0, 0, 6, 406.68, 1896249, 616
2544, 0, 414, 515, 190, 5, 34.34%, 0, 0, 6, 688.74, 1900052, 616
2549, 0, 414, 515, 190, 5, 34.34%, 0, 0, 6, 732.94, 1902948, 616
2554, 0, 414, 515, 190, 5, 34.34%, 0, 0, 6, 770.86, 1906039, 616
2559, 0, 414, 515, 190, 5, 34.34%, 0, 0, 6, 852.76, 1908475, 616
2565, 0, 414, 515, 190, 5, 34.34%, 0, 0, 6, 1.05, 1909195, 616
2570, 0, 414, 515, 190, 5, 34.34%, 0, 0, 6, 725.40, 1911936, 616
2575, 0, 414, 515, 190, 5, 34.34%, 0, 0, 6, 87.50, 1915660, 616
2581, 0, 414, 515, 190, 5, 34.34%, 0, 0, 6, 782.27, 1919719, 616
2586, 0, 414, 515, 190, 5, 34.34%, 0, 0, 6, 787.13, 1923799, 616
2591, 0, 414, 515, 190, 5, 34.34%, 0, 0, 6, 793.57, 1927924, 616
2596, 0, 367, 515, 190, 5, 34.34%, 0, 0, 6, 967.00, 1933100, 616
2601, 0, 506, 515, 190, 5, 34.34%, 0, 0, 6, 1003.78, 1938244, 616
2606, 0, 506, 515, 190, 5, 34.34%, 0, 0, 6, 970.99, 1943136, 616
2611, 0, 390, 515, 190, 5, 34.34%, 0, 0, 6, 1046.65, 1948597, 616
2616, 0, 384, 515, 190, 5, 34.34%, 0, 0, 6, 1073.16, 1954021, 616
2622, 0, 384, 515, 190, 5, 34.34%, 0, 0, 6, 976.77, 1958836, 616
2627, 0, 397, 515, 190, 5, 34.34%, 0, 0, 6, 1024.73, 1964061, 616
2632, 0, 397, 515, 190, 5, 34.34%, 0, 0, 6, 944.15, 1968711, 616
2637, 0, 437, 515, 190, 5, 34.34%, 0, 0, 6, 906.82, 1973105, 616
2642, 0, 383, 515, 190, 5, 34.34%, 0, 0, 6, 950.53, 1977859, 616
2647, 0, 383, 515, 190, 5, 34.34%, 0, 0, 6, 1028.80, 1983125, 616
2652, 0, 366, 515, 190, 5, 34.34%, 0, 0, 6, 1062.94, 1988469, 616
2657, 0, 366, 515, 190, 5, 34.34%, 0, 0, 6, 1027.93, 1993377, 616
2662, 0, 382, 515, 190, 5, 34.34%, 0, 0, 6, 1061.27, 1998719, 616
2667, 0, 479, 515, 190, 5, 34.34%, 0, 0, 6, 1112.11, 2004213, 616
2672, 0, 479, 515, 190, 5, 34.34%, 0, 0, 6, 1129.54, 2009735, 616
2677, 0, 419, 515, 190, 5, 34.34%, 0, 0, 6, 1122.52, 2015375, 616
2682, 0, 514, 515, 190, 5, 34.34%, 0, 0, 6, 82.38, 2018240, 616
2687, 0, 514, 515, 190, 5, 34.34%, 0, 0, 6, 91.53, 2018723, 616
2694, 0, 514, 515, 190, 5, 34.34%, 0, 0, 6, 5.41, 2018866, 616
2699, 0, 514, 515, 190, 5, 34.34%, 0, 0, 6, 119.76, 2018990, 616
2704, 0, 514, 515, 190, 5, 34.34%, 0, 0, 6, 117.55, 2019514, 616
2709, 0, 514, 515, 190, 5, 34.34%, 0, 0, 6, 109.46, 2020054, 616
2714, 0, 514, 515, 190, 5, 34.34%, 0, 0, 6, 110.36, 2020616, 616
2719, 0, 514, 515, 190, 5, 34.34%, 0, 0, 6, 109.55, 2021164, 616
2724, 0, 514, 515, 190, 5, 34.34%, 0, 0, 6, 112.46, 2021726, 616
2729, 0, 514, 515, 190, 5, 34.34%, 0, 0, 6, 107.14, 2022250, 616
2734, 0, 514, 515, 190, 5, 34.34%, 0, 0, 6, 112.19, 2022812, 616
2739, 0, 514, 515, 190, 5, 34.34%, 0, 0, 6, 110.85, 2023148, 616
2744, 0, 514, 515, 190, 5, 34.34%, 0, 0, 6, 104.27, 2023654, 616
2749, 0, 514, 515, 190, 5, 34.34%, 0, 0, 6, 114.89, 2024120, 616
2754, 0, 514, 515, 190, 5, 34.34%, 0, 0, 6, 109.16, 2024666, 616
2760, 0, 514, 515, 190, 5, 34.34%, 0, 0, 6, 106.89, 2025194, 616
2765, 0, 514, 515, 190, 5, 34.34%, 0, 0, 6, 8.80, 2025536, 616
2770, 0, 514, 515, 190, 5, 34.34%, 0, 0, 6, 6.32, 2025706, 616
2775, 0, 514, 515, 190, 5, 34.34%, 0, 0, 6, 95.42, 2026221, 616
2780, 0, 514, 515, 190, 5, 34.34%, 0, 0, 6, 110.45, 2026816, 616
2786, 0, 514, 515, 190, 5, 34.34%, 0, 0, 6, 115.64, 2027416, 616
2791, 0, 514, 515, 190, 5, 34.34%, 0, 0, 6, 117.51, 2028020, 616
2796, 0, 514, 515, 190, 5, 34.34%, 0, 0, 6, 118.45, 2028640, 616
2801, 0, 514, 515, 190, 5, 34.34%, 0, 0, 6, 114.12, 2029162, 616
2806, 0, 514, 515, 190, 5, 34.34%, 0, 0, 6, 116.24, 2029748, 616
2811, 0, 514, 515, 190, 5, 34.34%, 0, 0, 6, 113.17, 2030276, 616
2816, 0, 514, 515, 190, 5, 34.34%, 0, 0, 6, 111.52, 2030812, 616
2821, 0, 514, 515, 190, 5, 34.34%, 0, 0, 6, 112.17, 2031356, 616
2827, 0, 514, 515, 190, 5, 34.34%, 0, 0, 6, 112.93, 2031950, 616
2832, 0, 514, 515, 190, 5, 34.34%, 0, 0, 6, 113.02, 2032520, 616
2837, 0, 514, 515, 190, 5, 34.34%, 0, 0, 6, 115.64, 2033120, 616
2842, 0, 514, 515, 190, 5, 34.34%, 0, 0, 6, 117.88, 2033728, 616
2847, 0, 514, 515, 190, 5, 34.34%, 0, 0, 6, 117.33, 2034336, 616
2852, 0, 514, 515, 190, 5, 34.34%, 0, 0, 6, 6.15, 2034421, 616
2858, 0, 514, 515, 190, 5, 34.34%, 0, 0, 6, 7.27, 2034456, 616
2863, 0, 514, 515, 190, 5, 34.34%, 0, 0, 6, 93.62, 2034714, 616
2868, 0, 514, 515, 190, 5, 34.34%, 0, 0, 6, 108.68, 2035300, 616
2873, 0, 514, 515, 190, 5, 34.34%, 0, 0, 6, 116.05, 2035904, 616
2878, 0, 514, 515, 190, 5, 34.34%, 0, 0, 6, 8.93, 2036474, 616
2883, 0, 514, 515, 190, 5, 34.34%, 0, 0, 6, 111.73, 2037018, 616
2888, 0, 514, 515, 190, 5, 34.34%, 0, 0, 6, 113.63, 2037594, 616
2894, 0, 514, 515, 190, 5, 34.34%, 0, 0, 6, 110.65, 2038098, 616
2899, 0, 514, 515, 190, 5, 34.34%, 0, 0, 6, 114.67, 2038698, 616
2904, 0, 514, 515, 190, 5, 34.34%, 0, 0, 6, 114.99, 2039278, 616
2909, 0, 514, 515, 190, 5, 34.34%, 0, 0, 6, 112.34, 2039864, 616
2914, 0, 514, 515, 190, 5, 34.34%, 0, 0, 6, 115.18, 2040442, 616
2919, 0, 514, 515, 190, 5, 34.34%, 0, 0, 6, 116.80, 2041050, 616
2925, 0, 514, 515, 190, 5, 34.34%, 0, 0, 6, 5.76, 2041376, 616
2930, 0, 514, 515, 190, 5, 34.34%, 0, 0, 6, 105.47, 2041952, 616
2935, 0, 514, 515, 190, 5, 34.34%, 0, 0, 6, 103.08, 2042428, 616
2940, 0, 366, 515, 189, 4, 34.34%, 0, 0, 6, 1060.99, 2046286, 616
2945, 0, 366, 515, 189, 4, 34.34%, 0, 0, 6, 1035.69, 2051472, 616
2950, 0, 366, 515, 189, 4, 34.34%, 0, 0, 6, 1036.31, 2056692, 616
2955, 0, 366, 515, 189, 4, 34.34%, 0, 0, 6, 1040.44, 2062012, 616
2960, 0, 366, 515, 189, 4, 34.34%, 0, 0, 6, 1064.47, 2067418, 616
2966, 0, 366, 515, 189, 4, 34.34%, 0, 0, 6, 1066.62, 2072878, 616
2971, 0, 366, 515, 189, 4, 34.34%, 0, 0, 6, 1056.09, 2078233, 616
2976, 0, 366, 515, 189, 4, 34.34%, 0, 0, 6, 1057.95, 2083609, 616
2981, 0, 366, 515, 189, 4, 34.34%, 0, 0, 6, 1051.10, 2088922, 616
2986, 0, 439, 515, 189, 4, 34.34%, 0, 0, 6, 1032.62, 2094144, 616
2991, 0, 439, 515, 189, 4, 34.34%, 0, 0, 6, 997.57, 2099004, 616
2996, 0, 439, 515, 189, 4, 34.34%, 0, 0, 6, 951.58, 2103934, 616
3001, 0, 439, 515, 189, 4, 34.34%, 0, 0, 6, 974.72, 2108827, 616
3006, 0, 439, 515, 189, 4, 34.34%, 0, 0, 6, 910.28, 2113024, 616
3011, 0, 395, 515, 189, 4, 34.34%, 0, 0, 6, 986.32, 2117842, 616
3017, 0, 395, 515, 189, 4, 34.34%, 0, 0, 6, 1061.37, 2122702, 616
3022, 0, 395, 515, 189, 4, 34.34%, 0, 0, 6, 1020.22, 2127840, 616
3027, 0, 395, 515, 189, 4, 34.34%, 0, 0, 6, 940.26, 2132128, 616
3032, 0, 395, 515, 189, 4, 34.34%, 0, 0, 6, 1002.80, 2137184, 616
3037, 0, 390, 515, 189, 4, 34.34%, 0, 0, 6, 996.06, 2141848, 616
3042, 0, 390, 515, 189, 4, 34.34%, 0, 0, 6, 968.52, 2146736, 616
3047, 0, 390, 515, 189, 4, 34.34%, 0, 0, 6, 1022.74, 2151316, 616
3052, 0, 390, 515, 189, 4, 34.34%, 0, 0, 6, 1116.40, 2157018, 616
3057, 0, 390, 515, 189, 4, 34.34%, 0, 0, 6, 1079.97, 2162230, 616
3062, 0, 443, 515, 189, 4, 34.34%, 0, 0, 6, 1049.07, 2167507, 616
3067, 0, 443, 515, 189, 4, 34.34%, 0, 0, 6, 1026.39, 2172672, 616
3072, 0, 443, 515, 189, 4, 34.34%, 0, 0, 6, 1011.66, 2177692, 616
3077, 0, 443, 515, 189, 4, 34.34%, 0, 0, 6, 1001.43, 2182365, 616
3083, 0, 443, 515, 189, 4, 34.34%, 0, 0, 6, 897.79, 2186680, 616
3088, 0, 170, 515, 189, 4, 34.34%, 0, 0, 6, 944.01, 2191312, 616
3093, 0, 170, 515, 189, 4, 34.34%, 0, 0, 6, 758.71, 2194134, 616
3098, 0, 170, 515, 189, 4, 34.34%, 0, 0, 6, 1014.79, 2198988, 616
3103, 0, 170, 515, 189, 4, 34.34%, 0, 0, 6, 1001.79, 2204128, 616
3108, 0, 170, 515, 189, 4, 34.34%, 0, 0, 6, 981.00, 2209088, 616
3113, 0, 170, 515, 189, 4, 34.34%, 0, 0, 6, 1005.83, 2214228, 616
3118, 0, 381, 515, 189, 4, 34.34%, 0, 0, 6, 1024.82, 2219384, 616
3124, 0, 381, 515, 189, 4, 34.34%, 0, 0, 6, 1082.46, 2224324, 616
3129, 0, 381, 515, 189, 4, 34.34%, 0, 0, 6, 1057.29, 2229637, 616
3134, 0, 381, 515, 189, 4, 34.34%, 0, 0, 6, 1026.84, 2234604, 616
3139, 0, 381, 515, 189, 4, 34.34%, 0, 0, 6, 168.67, 2239024, 616
3144, 0, 390, 515, 189, 4, 34.34%, 0, 0, 6, 975.86, 2242451, 616
3149, 0, 390, 515, 189, 4, 34.34%, 0, 0, 6, 1061.68, 2247934, 616
3154, 0, 390, 515, 189, 4, 34.34%, 0, 0, 6, 1107.11, 2253738, 616
3160, 0, 390, 515, 189, 4, 34.34%, 0, 0, 6, 1072.22, 2259316, 616
3165, 0, 384, 515, 189, 4, 34.34%, 0, 0, 6, 1060.20, 2264068, 616
3170, 0, 384, 515, 189, 4, 34.34%, 0, 0, 6, 1016.21, 2269156, 616
3175, 0, 384, 515, 189, 4, 34.34%, 0, 0, 6, 1116.94, 2273716, 616
3182, 0, 384, 515, 189, 4, 34.34%, 0, 0, 6, 18.63, 2278076, 616
3187, 0, 384, 515, 189, 4, 34.34%, 0, 0, 6, 1064.07, 2281645, 616
3192, 0, 384, 515, 189, 4, 34.34%, 0, 0, 6, 1092.68, 2287189, 616
3197, 0, 390, 515, 189, 4, 34.34%, 0, 0, 6, 1079.85, 2292592, 616
3203, 0, 390, 515, 189, 4, 34.34%, 0, 0, 6, 1080.32, 2298094, 616
3208, 0, 390, 515, 189, 4, 34.34%, 0, 0, 6, 1049.27, 2302792, 616
3213, 0, 390, 515, 189, 4, 34.34%, 0, 0, 6, 1005.96, 2307492, 616
3218, 0, 390, 515, 189, 4, 34.34%, 0, 0, 6, 896.18, 2311138, 616
3223, 0, 492, 515, 189, 4, 34.34%, 0, 0, 6, 766.90, 2314603, 616
3228, 0, 492, 515, 189, 4, 34.34%, 0, 0, 6, 812.71, 2315864, 616
3233, 0, 492, 515, 189, 4, 34.34%, 0, 0, 6, 828.01, 2320056, 616
3238, 0, 492, 515, 189, 4, 34.34%, 0, 0, 6, 828.93, 2324216, 616
3243, 0, 492, 515, 189, 4, 34.34%, 0, 0, 6, 820.47, 2328392, 616
3248, 0, 492, 515, 189, 4, 34.34%, 0, 0, 6, 826.53, 2332568, 616
3253, 0, 492, 515, 189, 4, 34.34%, 0, 0, 6, 820.45, 2336776, 616
3258, 0, 492, 515, 189, 4, 34.34%, 0, 0, 6, 769.12, 2340538, 616
3264, 0, 492, 515, 189, 4, 34.34%, 0, 0, 6, 786.38, 2344408, 616
3269, 0, 327, 520, 194, 4, 34.34%, 0, 0, 6, 665.80, 2347610, 616
3274, 0, 327, 521, 195, 4, 34.34%, 0, 0, 6, 701.92, 2351174, 616
3279, 0, 327, 523, 197, 4, 34.34%, 0, 0, 6, 704.08, 2354746, 616
3284, 0, 327, 523, 197, 4, 34.34%, 0, 0, 6, 673.46, 2357994, 616
3289, 0, 327, 523, 197, 4, 34.34%, 0, 0, 6, 702.87, 2361382, 616
3294, 0, 327, 523, 197, 4, 34.34%, 0, 0, 6, 704.91, 2364826, 616
3299, 0, 327, 523, 197, 4, 34.34%, 0, 0, 6, 679.69, 2367927, 616
3306, 0, 327, 523, 197, 4, 34.34%, 0, 0, 6, 24.71, 2370501, 616
3311, 0, 327, 523, 197, 4, 34.34%, 0, 0, 6, 616.89, 2372862, 616
3316, 0, 327, 523, 197, 4, 34.34%, 0, 0, 6, 490.08, 2375226, 616
3321, 0, 327, 523, 197, 4, 34.34%, 0, 0, 6, 5.73, 2377011, 616
3326, 0, 327, 523, 197, 4, 34.34%, 0, 0, 6, 656.22, 2377378, 616
3331, 0, 479, 523, 196, 4, 34.34%, 0, 0, 6, 915.40, 2382164, 616
3337, 0, 384, 523, 196, 4, 34.34%, 0, 0, 6, 990.29, 2387414, 616
3342, 0, 384, 523, 196, 4, 34.34%, 0, 0, 6, 1048.23, 2392734, 616
3347, 0, 450, 523, 196, 4, 34.34%, 0, 0, 6, 1048.20, 2398186, 616
3352, 0, 450, 523, 196, 4, 34.34%, 0, 0, 6, 1030.03, 2402862, 616
3357, 0, 370, 523, 196, 4, 34.34%, 0, 0, 6, 1004.64, 2407058, 616
3362, 0, 384, 523, 196, 4, 34.34%, 0, 0, 6, 1027.13, 2412050, 616
3367, 0, 384, 523, 196, 4, 34.34%, 0, 0, 6, 1050.14, 2417250, 616
3372, 0, 476, 523, 196, 4, 34.34%, 0, 0, 6, 1043.27, 2422682, 616
3377, 0, 437, 523, 196, 4, 34.34%, 0, 0, 6, 1029.75, 2427914, 616
3382, 0, 437, 523, 196, 4, 34.34%, 0, 0, 6, 945.05, 2432558, 616
3387, 0, 390, 523, 196, 4, 34.34%, 0, 0, 6, 986.64, 2437503, 616
3393, 0, 390, 523, 196, 4, 34.34%, 0, 0, 6, 1031.34, 2442786, 616
3398, 0, 390, 523, 196, 4, 34.34%, 0, 0, 6, 1026.99, 2447998, 616
3403, 0, 450, 523, 196, 4, 34.34%, 0, 0, 6, 1029.70, 2452990, 616
3408, 0, 450, 523, 196, 4, 34.34%, 0, 0, 6, 942.11, 2457763, 616
3413, 0, 390, 523, 196, 4, 34.34%, 0, 0, 6, 1038.23, 2462462, 616
3418, 0, 390, 523, 196, 4, 34.34%, 0, 0, 6, 1025.20, 2467602, 616
3423, 0, 446, 523, 196, 4, 34.34%, 0, 0, 6, 1007.17, 2472754, 616
3428, 0, 390, 523, 196, 4, 34.34%, 0, 0, 6, 1004.83, 2477746, 616
3433, 0, 390, 523, 196, 4, 34.34%, 0, 0, 6, 936.42, 2482358, 616
3440, 0, 196, 523, 196, 4, 34.34%, 0, 0, 6, 7.47, 2485758, 616
3445, 0, 196, 523, 196, 4, 34.34%, 0, 0, 6, 989.01, 2487544, 616
3450, 0, 196, 523, 196, 4, 34.34%, 0, 0, 6, 47.67, 2490764, 616
3455, 0, 196, 523, 196, 4, 34.34%, 0, 0, 6, 803.92, 2493861, 616
3460, 0, 196, 523, 196, 4, 34.34%, 0, 0, 6, 875.39, 2498238, 616
3465, 0, 196, 523, 196, 4, 34.34%, 0, 0, 6, 976.68, 2503257, 616
3470, 0, 196, 523, 196, 4, 34.34%, 0, 0, 6, 954.01, 2507988, 616
3475, 0, 479, 523, 195, 4, 34.34%, 0, 0, 6, 1031.35, 2512567, 616
3480, 0, 479, 523, 195, 4, 34.34%, 0, 0, 6, 959.37, 2517231, 616
3485, 0, 479, 523, 195, 4, 34.34%, 0, 0, 6, 1049.91, 2522567, 616
3490, 0, 479, 523, 195, 4, 34.34%, 0, 0, 6, 48.95, 2527263, 616
3495, 0, 479, 523, 195, 4, 34.34%, 0, 0, 6, 1043.38, 2532507, 616
3501, 0, 367, 523, 195, 4, 34.34%, 0, 0, 6, 996.52, 2537663, 616
3506, 0, 367, 523, 195, 4, 34.34%, 0, 0, 6, 1055.56, 2543145, 616
3511, 0, 367, 523, 195, 4, 34.34%, 0, 0, 6, 1059.85, 2548500, 616
3516, 0, 367, 523, 195, 4, 34.34%, 0, 0, 6, 1044.42, 2553763, 616
3521, 0, 390, 523, 195, 4, 34.34%, 0, 0, 6, 1019.57, 2558919, 616
3526, 0, 390, 523, 195, 4, 34.34%, 0, 0, 6, 1045.22, 2564199, 616
3531, 0, 390, 523, 195, 4, 34.34%, 0, 0, 6, 1046.41, 2569479, 616
3536, 0, 390, 523, 195, 4, 34.34%, 0, 0, 6, 1032.91, 2574679, 616
3541, 0, 390, 523, 195, 4, 34.34%, 0, 0, 6, 1053.85, 2580006, 616
3546, 0, 392, 523, 195, 4, 34.34%, 0, 0, 6, 1031.19, 2585315, 616
3551, 0, 392, 523, 195, 4, 34.34%, 0, 0, 6, 1035.24, 2590335, 616
3557, 0, 392, 523, 195, 4, 34.34%, 0, 0, 6, 988.12, 2595253, 616
3562, 0, 392, 523, 195, 4, 34.34%, 0, 0, 6, 1005.52, 2599895, 616
3567, 0, 392, 523, 195, 4, 34.34%, 0, 0, 6, 1019.31, 2605115, 616
3572, 0, 384, 523, 195, 4, 34.34%, 0, 0, 6, 1006.77, 2610251, 616
3577, 0, 384, 523, 195, 4, 34.34%, 0, 0, 6, 1065.15, 2615613, 616
3582, 0, 384, 523, 195, 4, 34.34%, 0, 0, 6, 1080.92, 2621157, 616
3587, 0, 384, 523, 195, 4, 34.34%, 0, 0, 6, 1080.60, 2626680, 616
3592, 0, 384, 523, 195, 4, 34.34%, 0, 0, 6, 985.99, 2631761, 616
3597, 0, 390, 523, 195, 4, 34.34%, 0, 0, 6, 997.84, 2636919, 616
3602, 0, 390, 523, 195, 4, 34.34%, 0, 0, 6, 959.37, 2641631, 616
3608, 0, 390, 523, 195, 4, 34.34%, 0, 0, 6, 1057.50, 2646678, 616
3613, 0, 390, 523, 195, 4, 34.34%, 0, 0, 6, 984.25, 2651530, 616
3618, 0, 390, 523, 195, 4, 34.34%, 0, 0, 6, 1000.83, 2656394, 616
3623, 0, 509, 523, 195, 4, 34.34%, 0, 0, 6, 30.54, 2658962, 616
3628, 0, 509, 523, 195, 4, 34.34%, 0, 0, 6, 9.91, 2659105, 616
3634, 0, 509, 523, 195, 4, 34.34%, 0, 0, 6, 970.20, 2663604, 616
3639, 0, 509, 523, 195, 4, 34.34%, 0, 0, 6, 948.11, 2668468, 616
3644, 0, 509, 523, 195, 4, 34.34%, 0, 0, 6, 919.74, 2673057, 616
3649, 0, 509, 523, 195, 4, 34.34%, 0, 0, 6, 919.14, 2677773, 616
3654, 0, 509, 523, 195, 4, 34.34%, 0, 0, 6, 900.58, 2681983, 616
3659, 0, 509, 523, 195, 4, 34.34%, 0, 0, 6, 899.23, 2686641, 616
3664, 0, 450, 523, 195, 4, 34.34%, 0, 0, 6, 874.24, 2690764, 616
3669, 0, 450, 523, 195, 4, 34.34%, 0, 0, 6, 973.04, 2695783, 616
3675, 0, 473, 523, 195, 4, 34.34%, 0, 0, 6, 976.83, 2700954, 616
3680, 0, 473, 523, 195, 4, 34.34%, 0, 0, 6, 994.26, 2705989, 616
3685, 0, 457, 523, 195, 4, 34.34%, 0, 0, 6, 978.34, 2710609, 616
3690, 0, 390, 523, 195, 4, 34.34%, 0, 0, 6, 1026.44, 2715367, 616
3695, 0, 390, 523, 195, 4, 34.34%, 0, 0, 6, 1001.04, 2719487, 616
3703, 0, 390, 523, 195, 4, 34.34%, 0, 0, 6, 5.40, 2720986, 616
3709, 0, 479, 523, 195, 4, 34.34%, 0, 0, 6, 905.77, 2724841, 616
3714, 0, 479, 523, 195, 4, 34.34%, 0, 0, 6, 1026.36, 2730219, 616
3719, 0, 505, 523, 195, 4, 34.34%, 0, 0, 6, 1142.57, 2736105, 616
3724, 0, 484, 524, 196, 4, 34.34%, 0, 0, 6, 444.66, 2740439, 616
3729, 0, 484, 525, 197, 4, 34.34%, 0, 0, 6, 675.43, 2744232, 616
3734, 0, 484, 525, 197, 4, 34.34%, 0, 0, 6, 604.20, 2747035, 616
3740, 0, 484, 525, 197, 4, 34.34%, 0, 0, 6, 707.29, 2750417, 616
3745, 0, 484, 525, 197, 4, 34.34%, 0, 0, 6, 686.44, 2753657, 616
3750, 0, 484, 525, 197, 4, 34.34%, 0, 0, 6, 716.56, 2757347, 616
3755, 0, 484, 525, 197, 4, 34.34%, 0, 0, 6, 737.67, 2761169, 616
3760, 0, 484, 525, 197, 4, 34.34%, 0, 0, 6, 742.19, 2765019, 616
3765, 0, 484, 525, 197, 4, 34.34%, 0, 0, 6, 719.29, 2768659, 616
3770, 0, 390, 525, 196, 4, 34.34%, 0, 0, 6, 815.94, 2772768, 616
3776, 0, 390, 525, 196, 4, 34.34%, 0, 0, 6, 1066.58, 2778609, 616
3781, 0, 479, 525, 196, 4, 34.34%, 0, 0, 6, 1120.98, 2784249, 616
3786, 0, 424, 525, 196, 4, 34.34%, 0, 0, 6, 1122.48, 2789977, 616
3791, 0, 424, 525, 196, 4, 34.34%, 0, 0, 6, 1126.28, 2795719, 616
3796, 0, 435, 525, 196, 4, 34.34%, 0, 0, 6, 1098.53, 2801223, 616
3801, 0, 384, 525, 196, 4, 34.34%, 0, 0, 6, 1132.82, 2806317, 616
3806, 0, 384, 525, 196, 4, 34.34%, 0, 0, 6, 1156.37, 2812163, 616
3811, 0, 390, 525, 196, 4, 34.34%, 0, 0, 6, 1035.73, 2816843, 616
3816, 0, 455, 525, 196, 4, 34.34%, 0, 0, 6, 1120.96, 2822701, 616
3821, 0, 455, 525, 196, 4, 34.34%, 0, 0, 6, 1121.49, 2828421, 616
3826, 0, 414, 527, 198, 5, 35.56%, 0, 0, 6, 927.26, 2832962, 638
3831, 0, 414, 527, 198, 5, 35.56%, 0, 0, 6, 888.72, 2837366, 638
3836, 0, 414, 527, 198, 5, 35.56%, 0, 0, 6, 884.00, 2841820, 638
3841, 0, 414, 527, 198, 5, 35.56%, 0, 0, 6, 854.30, 2846172, 638
3846, 0, 414, 527, 198, 5, 35.56%, 0, 0, 6, 868.57, 2850065, 638
3851, 0, 414, 527, 198, 5, 35.56%, 0, 0, 6, 885.51, 2854128, 638
3856, 0, 414, 527, 198, 5, 35.56%, 0, 0, 6, 139.92, 2858259, 638
3862, 0, 414, 527, 198, 5, 35.56%, 0, 0, 6, 797.87, 2862068, 638
3867, 0, 390, 527, 198, 5, 35.56%, 0, 0, 6, 1072.64, 2867599, 638
3872, 0, 526, 527, 198, 5, 35.56%, 0, 0, 6, 1119.15, 2873356, 638
3877, 0, 390, 527, 197, 4, 35.56%, 0, 0, 6, 1094.66, 2878825, 638
3882, 0, 390, 527, 197, 4, 35.56%, 0, 0, 6, 1144.48, 2884628, 638
3887, 0, 393, 527, 197, 4, 35.56%, 0, 0, 6, 1142.95, 2890422, 638
3892, 0, 447, 527, 197, 4, 35.56%, 0, 0, 6, 1111.61, 2896040, 638
3897, 0, 447, 527, 197, 4, 35.56%, 0, 0, 6, 1126.61, 2901782, 638
3902, 0, 384, 527, 197, 4, 35.56%, 0, 0, 6, 1157.72, 2907713, 638
3907, 0, 479, 527, 197, 4, 35.56%, 0, 0, 6, 1162.12, 2913651, 638
3912, 0, 479, 527, 197, 4, 35.56%, 0, 0, 6, 1117.16, 2919200, 638
3917, 0, 431, 527, 197, 4, 35.56%, 0, 0, 6, 972.14, 2923988, 638
3922, 0, 447, 527, 197, 4, 35.56%, 0, 0, 6, 995.77, 2928912, 638
3927, 0, 447, 527, 197, 4, 35.56%, 0, 0, 6, 1061.99, 2934361, 638
3933, 0, 510, 527, 197, 4, 35.56%, 0, 0, 6, 1110.51, 2940146, 638
3938, 0, 479, 527, 197, 4, 35.56%, 0, 0, 6, 1129.12, 2945874, 638
3943, 0, 479, 527, 197, 4, 35.56%, 0, 0, 6, 1109.34, 2951418, 638
3948, 0, 493, 527, 197, 4, 35.56%, 0, 0, 6, 139.13, 2952778, 638
3953, 0, 493, 527, 197, 4, 35.56%, 0, 0, 6, 131.57, 2953430, 638
3958, 0, 493, 527, 197, 4, 35.56%, 0, 0, 6, 132.14, 2953986, 638
3963, 0, 493, 527, 197, 4, 35.56%, 0, 0, 6, 134.95, 2954614, 638
3968, 0, 493, 527, 197, 4, 35.56%, 0, 0, 6, 131.03, 2955252, 638
3973, 0, 493, 527, 197, 4, 35.56%, 0, 0, 6, 140.41, 2955912, 638
3978, 0, 493, 527, 197, 4, 35.56%, 0, 0, 6, 7.23, 2956276, 638
3984, 0, 493, 527, 197, 4, 35.56%, 0, 0, 6, 117.01, 2956602, 638
3989, 0, 493, 527, 197, 4, 35.56%, 0, 0, 6, 138.05, 2957342, 638
3994, 0, 493, 527, 197, 4, 35.56%, 0, 0, 6, 135.57, 2958028, 638
3999, 0, 493, 527, 197, 4, 35.56%, 0, 0, 6, 139.85, 2958754, 638
4004, 0, 493, 527, 197, 4, 35.56%, 0, 0, 6, 141.06, 2959486, 638
4009, 0, 493, 527, 197, 4, 35.56%, 0, 0, 6, 141.31, 2960142, 638
4015, 0, 493, 527, 197, 4, 35.56%, 0, 0, 6, 15.69, 2960794, 638
4020, 0, 493, 527, 197, 4, 35.56%, 0, 0, 6, 1.55, 2961059, 638
4025, 0, 493, 527, 197, 4, 35.56%, 0, 0, 6, 79.00, 2961202, 638
4030, 0, 493, 527, 197, 4, 35.56%, 0, 0, 6, 127.92, 2961902, 638
4036, 0, 493, 527, 197, 4, 35.56%, 0, 0, 6, 6.10, 2962572, 638
4041, 0, 493, 527, 197, 4, 35.56%, 0, 0, 6, 138.18, 2963292, 638
4046, 0, 493, 527, 197, 4, 35.56%, 0, 0, 6, 130.13, 2963940, 638
4051, 0, 493, 527, 197, 4, 35.56%, 0, 0, 6, 136.59, 2964466, 638
4057, 0, 493, 527, 197, 4, 35.56%, 0, 0, 6, 19.48, 2965032, 638
4062, 0, 493, 527, 197, 4, 35.56%, 0, 0, 6, 84.79, 2965463, 638
4067, 0, 493, 527, 197, 4, 35.56%, 0, 0, 6, 120.63, 2966140, 638
4072, 0, 493, 527, 197, 4, 35.56%, 0, 0, 6, 140.74, 2966806, 638
4077, 0, 493, 527, 197, 4, 35.56%, 0, 0, 6, 133.00, 2967401, 638
4082, 0, 493, 527, 197, 4, 35.56%, 0, 0, 6, 141.55, 2967638, 638
4088, 0, 493, 527, 197, 4, 35.56%, 0, 0, 6, 17.44, 2968294, 638
4093, 0, 493, 527, 197, 4, 35.56%, 0, 0, 6, 77.63, 2968706, 638
4098, 0, 493, 527, 197, 4, 35.56%, 0, 0, 6, 128.88, 2969414, 638
4103, 0, 493, 527, 197, 4, 35.56%, 0, 0, 6, 141.31, 2970158, 638
4108, 0, 493, 527, 197, 4, 35.56%, 0, 0, 6, 142.88, 2970906, 638
4114, 0, 493, 527, 197, 4, 35.56%, 0, 0, 6, 13.13, 2971480, 638
4119, 0, 493, 527, 197, 4, 35.56%, 0, 0, 6, 138.61, 2972172, 638
4124, 0, 493, 527, 197, 4, 35.56%, 0, 0, 6, 132.35, 2972660, 638
4129, 0, 493, 527, 197, 4, 35.56%, 0, 0, 6, 120.07, 2973162, 638
4134, 0, 493, 527, 197, 4, 35.56%, 0, 0, 6, 1.86, 2973312, 638
4140, 0, 493, 527, 197, 4, 35.56%, 0, 0, 6, 38.27, 2973407, 638
4145, 0, 493, 527, 197, 4, 35.56%, 0, 0, 6, 117.05, 2974092, 638
4150, 0, 493, 527, 197, 4, 35.56%, 0, 0, 6, 135.99, 2974826, 638
4155, 0, 493, 527, 197, 4, 35.56%, 0, 0, 6, 140.09, 2975550, 638
4160, 0, 493, 527, 197, 4, 35.56%, 0, 0, 6, 144.96, 2976304, 638
4165, 0, 390, 527, 197, 4, 35.56%, 0, 0, 6, 1180.69, 2979348, 638
4170, 0, 390, 527, 197, 4, 35.56%, 0, 0, 6, 1208.57, 2985508, 638
4176, 0, 390, 527, 197, 4, 35.56%, 0, 0, 6, 1191.59, 2991722, 638
4181, 0, 390, 527, 197, 4, 35.56%, 0, 0, 6, 1203.04, 2997772, 638
4186, 0, 479, 527, 197, 4, 35.56%, 0, 0, 6, 1115.01, 3003349, 638
4191, 0, 479, 527, 197, 4, 35.56%, 0, 0, 6, 1007.28, 3008408, 638
4196, 0, 479, 527, 197, 4, 35.56%, 0, 0, 6, 1077.75, 3013759, 638
4201, 0, 479, 527, 197, 4, 35.56%, 0, 0, 6, 1125.48, 3017848, 638
4206, 0, 479, 527, 197, 4, 35.56%, 0, 0, 6, 1181.56, 3023520, 638
4211, 0, 380, 527, 197, 4, 35.56%, 0, 0, 6, 1177.48, 3029489, 638
4216, 0, 380, 527, 197, 4, 35.56%, 0, 0, 6, 1195.32, 3035538, 638
4221, 0, 380, 527, 197, 4, 35.56%, 0, 0, 6, 1150.71, 3041311, 638
4226, 0, 380, 527, 197, 4, 35.56%, 0, 0, 6, 1143.23, 3047044, 638
4231, 0, 479, 527, 197, 4, 35.56%, 0, 0, 6, 1160.00, 3052257, 638
4237, 0, 479, 527, 197, 4, 35.56%, 0, 0, 6, 1153.84, 3058024, 638
4242, 0, 479, 527, 197, 4, 35.56%, 0, 0, 6, 1033.39, 3063360, 638
4247, 0, 479, 527, 197, 4, 35.56%, 0, 0, 6, 1167.29, 3068969, 638
4252, 0, 479, 527, 197, 4, 35.56%, 0, 0, 6, 1148.48, 3074788, 638
4257, 0, 479, 527, 197, 4, 35.56%, 0, 0, 6, 1117.52, 3080466, 638
4262, 0, 479, 527, 197, 4, 35.56%, 0, 0, 6, 1154.68, 3086277, 638
4267, 0, 479, 527, 197, 4, 35.56%, 0, 0, 6, 1149.80, 3091981, 638
4272, 0, 479, 527, 197, 4, 35.56%, 0, 0, 6, 1089.64, 3097231, 638
4275, 0, 381, 527, 197, 4, 35.56%, 0, 0, 6, 1129.28, 3100842, 638
