# relative_time, cycles_done, cur_path, paths_total, pending_total, pending_favs, map_size, unique_crashes, unique_hangs, max_depth, execs_per_sec, total_execs, edges_found
62, 0, 312, 456, 257, 85, 30.94%, 0, 0, 2, 42.75, 22812, 555
67, 0, 312, 459, 260, 85, 30.94%, 0, 0, 2, 33.61, 22912, 555
72, 0, 312, 459, 260, 85, 30.94%, 0, 0, 2, 55.79, 23223, 555
77, 0, 312, 460, 261, 85, 30.94%, 0, 0, 2, 58.51, 23514, 555
82, 0, 312, 461, 262, 85, 30.94%, 0, 0, 2, 12.30, 23786, 555
88, 0, 312, 461, 262, 85, 30.94%, 0, 0, 2, 8.67, 24099, 555
93, 0, 312, 461, 262, 85, 30.94%, 0, 0, 2, 39.56, 24290, 555
98, 0, 312, 463, 264, 85, 31.05%, 0, 0, 2, 57.37, 24608, 557
103, 0, 312, 463, 264, 85, 31.05%, 0, 0, 2, 61.45, 24931, 557
108, 0, 312, 463, 264, 85, 31.05%, 0, 0, 2, 7.23, 25104, 557
114, 0, 312, 463, 264, 85, 31.05%, 0, 0, 2, 6.40, 25122, 557
119, 0, 312, 463, 264, 85, 31.05%, 0, 0, 2, 45.29, 25214, 557
124, 0, 312, 464, 265, 85, 31.05%, 0, 0, 2, 60.38, 25500, 557
129, 0, 312, 464, 265, 85, 31.05%, 0, 0, 2, 61.57, 25800, 557
134, 0, 312, 464, 265, 85, 31.05%, 0, 0, 2, 62.07, 26111, 557
139, 0, 312, 464, 265, 85, 31.05%, 0, 0, 2, 62.16, 26432, 557
144, 0, 312, 464, 265, 85, 31.05%, 0, 0, 2, 59.84, 26740, 557
149, 0, 312, 464, 265, 85, 31.05%, 0, 0, 2, 60.68, 27047, 557
154, 0, 312, 464, 265, 85, 31.05%, 0, 0, 2, 61.55, 27364, 557
160, 0, 312, 464, 265, 85, 31.05%, 0, 0, 2, 53.95, 27520, 557
165, 0, 312, 464, 265, 85, 31.05%, 0, 0, 2, 24.41, 27586, 557
170, 0, 312, 465, 266, 85, 31.10%, 0, 0, 2, 49.94, 27848, 558
175, 0, 312, 465, 266, 85, 31.10%, 0, 0, 2, 60.06, 28171, 558
180, 0, 312, 465, 266, 85, 31.10%, 0, 0, 2, 61.78, 28493, 558
185, 0, 312, 465, 266, 85, 31.10%, 0, 0, 2, 49.27, 28723, 558
190, 0, 312, 465, 266, 85, 31.10%, 0, 0, 2, 63.09, 28945, 558
195, 0, 312, 466, 267, 85, 31.16%, 0, 0, 2, 58.07, 29236, 559
201, 0, 312, 466, 267, 85, 31.16%, 0, 0, 2, 3.19, 29460, 559
206, 0, 312, 466, 267, 85, 31.16%, 0, 0, 2, 34.79, 29516, 559
211, 0, 312, 466, 267, 85, 31.16%, 0, 0, 2, 39.84, 29682, 559
217, 0, 312, 466, 267, 85, 31.16%, 0, 0, 2, 9.34, 29881, 559
222, 0, 312, 466, 267, 85, 31.16%, 0, 0, 2, 61.38, 29987, 559
228, 0, 312, 467, 268, 85, 31.22%, 0, 0, 2, 62.00, 30291, 560
233, 0, 312, 467, 268, 85, 31.22%, 0, 0, 2, 61.37, 30598, 560
238, 0, 312, 467, 268, 85, 31.22%, 0, 0, 2, 10.40, 30828, 560
243, 0, 312, 467, 268, 85, 31.22%, 0, 0, 2, 34.18, 30943, 560
248, 0, 312, 468, 269, 85, 31.22%, 0, 0, 2, 60.41, 31205, 560
253, 0, 312, 468, 269, 85, 31.22%, 0, 0, 2, 61.77, 31499, 560
259, 0, 312, 468, 269, 85, 31.22%, 0, 0, 2, 61.50, 31796, 560
264, 0, 312, 468, 269, 85, 31.22%, 0, 0, 2, 2.50, 31998, 560
301, 0, 312, 468, 269, 85, 31.22%, 0, 0, 2, 0.13, 32009, 560
306, 0, 312, 468, 269, 85, 31.22%, 0, 0, 2, 53.59, 32279, 560
311, 0, 312, 468, 269, 85, 31.22%, 0, 0, 2, 55.93, 32574, 560
316, 0, 312, 468, 269, 85, 31.22%, 0, 0, 2, 56.54, 32862, 560
321, 0, 312, 468, 269, 85, 31.22%, 0, 0, 2, 24.24, 33145, 560
326, 0, 312, 468, 269, 85, 31.22%, 0, 0, 2, 59.21, 33412, 560
331, 0, 312, 468, 269, 85, 31.22%, 0, 0, 2, 60.65, 33726, 560
336, 0, 312, 468, 269, 85, 31.22%, 0, 0, 2, 4.50, 33994, 560
342, 0, 312, 468, 269, 85, 31.22%, 0, 0, 2, 60.01, 34269, 560
347, 0, 312, 468, 269, 85, 31.22%, 0, 0, 2, 52.77, 34529, 560
352, 0, 312, 468, 269, 85, 31.22%, 0, 0, 2, 44.31, 34607, 560
357, 0, 312, 468, 269, 85, 31.22%, 0, 0, 2, 55.02, 34875, 560
363, 0, 312, 468, 269, 85, 31.22%, 0, 0, 2, 2.23, 35023, 560
368, 0, 312, 468, 269, 85, 31.22%, 0, 0, 2, 35.37, 35168, 560
373, 0, 312, 468, 269, 85, 31.22%, 0, 0, 2, 52.22, 35409, 560
378, 0, 312, 468, 269, 85, 31.22%, 0, 0, 2, 58.10, 35663, 560
383, 0, 312, 468, 269, 85, 31.22%, 0, 0, 2, 60.28, 35948, 560
388, 0, 312, 468, 269, 85, 31.22%, 0, 0, 2, 53.41, 36203, 560
393, 0, 312, 468, 269, 85, 31.22%, 0, 0, 2, 12.10, 36267, 560
398, 0, 312, 468, 269, 85, 31.22%, 0, 0, 2, 46.19, 36517, 560
404, 0, 312, 468, 269, 85, 31.22%, 0, 0, 2, 37.72, 36781, 560
409, 0, 312, 468, 269, 85, 31.22%, 0, 0, 2, 60.82, 37053, 560
415, 0, 312, 468, 269, 85, 31.22%, 0, 0, 2, 6.10, 37212, 560
420, 0, 312, 468, 269, 85, 31.22%, 0, 0, 2, 62.80, 37274, 560
425, 0, 312, 468, 269, 85, 31.22%, 0, 0, 2, 59.08, 37559, 560
430, 0, 312, 468, 269, 85, 31.22%, 0, 0, 2, 62.51, 37852, 560
435, 0, 312, 468, 269, 85, 31.22%, 0, 0, 2, 61.08, 38157, 560
440, 0, 312, 468, 269, 85, 31.22%, 0, 0, 2, 53.00, 38397, 560
446, 0, 312, 468, 269, 85, 31.22%, 0, 0, 2, 17.67, 38582, 560
451, 0, 312, 468, 269, 85, 31.22%, 0, 0, 2, 12.30, 38625, 560
456, 0, 312, 468, 269, 85, 31.22%, 0, 0, 2, 50.31, 38930, 560
461, 0, 312, 468, 269, 85, 31.22%, 0, 0, 2, 54.72, 39209, 560
466, 0, 312, 468, 269, 85, 31.22%, 0, 0, 2, 57.42, 39483, 560
471, 0, 312, 468, 269, 85, 31.22%, 0, 0, 2, 9.33, 39584, 560
476, 0, 312, 468, 269, 85, 31.22%, 0, 0, 2, 6.61, 39612, 560
481, 0, 312, 468, 269, 85, 31.22%, 0, 0, 2, 37.04, 39730, 560
486, 0, 312, 468, 269, 85, 31.22%, 0, 0, 2, 55.09, 40034, 560
492, 0, 312, 468, 269, 85, 31.22%, 0, 0, 2, 34.20, 40224, 560
497, 0, 312, 469, 270, 85, 31.22%, 0, 0, 2, 54.15, 40524, 560
502, 0, 312, 469, 270, 85, 31.22%, 0, 0, 2, 58.22, 40822, 560
507, 0, 312, 469, 270, 85, 31.22%, 0, 0, 2, 60.84, 41116, 560
512, 0, 312, 469, 270, 85, 31.22%, 0, 0, 2, 62.15, 41413, 560
517, 0, 312, 469, 270, 85, 31.22%, 0, 0, 2, 62.38, 41736, 560
522, 0, 312, 469, 270, 85, 31.22%, 0, 0, 2, 16.88, 42006, 560
528, 0, 312, 469, 270, 85, 31.22%, 0, 0, 2, 52.81, 42325, 560
533, 0, 312, 469, 270, 85, 31.22%, 0, 0, 2, 63.22, 42615, 560
538, 0, 312, 469, 270, 85, 31.22%, 0, 0, 2, 62.99, 42938, 560
543, 0, 312, 469, 270, 85, 31.22%, 0, 0, 2, 58.92, 43234, 560
548, 0, 312, 469, 270, 85, 31.22%, 0, 0, 2, 57.89, 43523, 560
553, 0, 312, 469, 270, 85, 31.22%, 0, 0, 2, 59.29, 43823, 560
558, 0, 312, 469, 270, 85, 31.22%, 0, 0, 2, 60.62, 44130, 560
563, 0, 312, 470, 271, 85, 31.44%, 0, 0, 2, 57.15, 44430, 564
568, 0, 312, 470, 271, 85, 31.44%, 0, 0, 2, 58.75, 44726, 564
573, 0, 312, 470, 271, 85, 31.44%, 0, 0, 2, 57.02, 44996, 564
578, 0, 312, 470, 271, 85, 31.44%, 0, 0, 2, 58.28, 45284, 564
596, 0, 312, 470, 271, 85, 31.44%, 0, 0, 2, 3.15, 45339, 564
601, 0, 312, 470, 271, 85, 31.44%, 0, 0, 2, 54.77, 45609, 564
606, 0, 312, 470, 271, 85, 31.44%, 0, 0, 2, 59.48, 45924, 564
611, 0, 312, 470, 271, 85, 31.44%, 0, 0, 2, 60.94, 46241, 564
616, 0, 312, 470, 271, 85, 31.44%, 0, 0, 2, 61.38, 46562, 564
621, 0, 312, 470, 271, 85, 31.44%, 0, 0, 2, 60.13, 46876, 564
627, 0, 312, 470, 271, 85, 31.44%, 0, 0, 2, 60.28, 47190, 564
632, 0, 312, 470, 271, 85, 31.44%, 0, 0, 2, 54.13, 47443, 564
637, 0, 312, 470, 271, 85, 31.44%, 0, 0, 2, 52.77, 47645, 564
642, 0, 312, 470, 271, 85, 31.44%, 0, 0, 2, 59.71, 47922, 564
647, 0, 312, 470, 271, 85, 31.44%, 0, 0, 2, 57.26, 48206, 564
652, 0, 312, 470, 271, 85, 31.44%, 0, 0, 2, 56.86, 48491, 564
657, 0, 312, 471, 272, 85, 31.44%, 0, 0, 2, 58.35, 48779, 564
662, 0, 312, 471, 272, 85, 31.44%, 0, 0, 2, 60.19, 49063, 564
667, 0, 312, 471, 272, 85, 31.44%, 0, 0, 2, 58.04, 49361, 564
672, 0, 312, 471, 272, 85, 31.44%, 0, 0, 2, 9.18, 49535, 564
677, 0, 312, 471, 272, 85, 31.44%, 0, 0, 2, 2.28, 49604, 564
682, 0, 312, 471, 272, 85, 31.44%, 0, 0, 2, 47.08, 49766, 564
687, 0, 312, 471, 272, 85, 31.44%, 0, 0, 2, 9.96, 50016, 564
692, 0, 312, 471, 272, 85, 31.44%, 0, 0, 2, 57.23, 50272, 564
697, 0, 312, 471, 272, 85, 31.44%, 0, 0, 2, 58.91, 50580, 564
703, 0, 312, 471, 272, 85, 31.44%, 0, 0, 2, 59.65, 50888, 564
708, 0, 312, 471, 272, 85, 31.44%, 0, 0, 2, 61.70, 51210, 564
713, 0, 312, 471, 272, 85, 31.44%, 0, 0, 2, 61.35, 51528, 564
718, 0, 312, 471, 272, 85, 31.44%, 0, 0, 2, 62.31, 51851, 564
723, 0, 312, 471, 272, 85, 31.44%, 0, 0, 2, 59.68, 52157, 564
728, 0, 312, 471, 272, 85, 31.44%, 0, 0, 2, 58.94, 52457, 564
734, 0, 312, 471, 272, 85, 31.44%, 0, 0, 2, 61.95, 52778, 564
739, 0, 312, 471, 272, 85, 31.44%, 0, 0, 2, 62.49, 53101, 564
744, 0, 312, 471, 272, 85, 31.44%, 0, 0, 2, 62.82, 53414, 564
749, 0, 312, 471, 272, 85, 31.44%, 0, 0, 2, 59.14, 53728, 564
755, 0, 312, 471, 272, 85, 31.44%, 0, 0, 2, 62.50, 54019, 564
760, 0, 312, 471, 272, 85, 31.44%, 0, 0, 2, 62.11, 54323, 564
765, 0, 312, 471, 272, 85, 31.44%, 0, 0, 2, 55.35, 54608, 564
770, 0, 312, 471, 272, 85, 31.44%, 0, 0, 2, 8.84, 54717, 564
775, 0, 312, 471, 272, 85, 31.44%, 0, 0, 2, 47.17, 54823, 564
780, 0, 312, 471, 272, 85, 31.44%, 0, 0, 2, 47.04, 55070, 564
785, 0, 312, 471, 272, 85, 31.44%, 0, 0, 2, 62.27, 55266, 564
791, 0, 312, 471, 272, 85, 31.44%, 0, 0, 2, 20.78, 55372, 564
796, 0, 312, 471, 272, 85, 31.44%, 0, 0, 2, 44.92, 55433, 564
801, 0, 312, 471, 272, 85, 31.44%, 0, 0, 2, 52.02, 55669, 564
806, 0, 355, 473, 273, 90, 31.44%, 0, 0, 2, 63.35, 56006, 564
811, 0, 355, 473, 273, 90, 31.44%, 0, 0, 2, 66.70, 56353, 564
816, 0, 355, 473, 273, 90, 31.44%, 0, 0, 2, 68.05, 56702, 564
821, 0, 355, 473, 273, 90, 31.44%, 0, 0, 2, 65.09, 57030, 564
828, 0, 355, 473, 273, 90, 31.44%, 0, 0, 2, 2.04, 57239, 564
833, 0, 355, 473, 273, 90, 31.44%, 0, 0, 2, 47.36, 57431, 564
838, 0, 355, 473, 273, 90, 31.44%, 0, 0, 2, 64.00, 57782, 564
843, 0, 355, 473, 273, 90, 31.44%, 0, 0, 2, 67.11, 58131, 564
848, 0, 355, 473, 273, 90, 31.44%, 0, 0, 2, 66.92, 58476, 564
853, 0, 355, 473, 273, 90, 31.44%, 0, 0, 2, 64.10, 58765, 564
859, 0, 355, 473, 273, 90, 31.44%, 0, 0, 2, 63.73, 59089, 564
864, 0, 355, 473, 273, 90, 31.44%, 0, 0, 2, 66.23, 59434, 564
869, 0, 355, 473, 273, 90, 31.44%, 0, 0, 2, 67.49, 59784, 564
874, 0, 355, 473, 273, 90, 31.44%, 0, 0, 2, 67.65, 60132, 564
879, 0, 355, 473, 273, 90, 31.44%, 0, 0, 2, 69.26, 60457, 564
884, 0, 355, 473, 273, 90, 31.44%, 0, 0, 2, 13.56, 60732, 564
890, 0, 355, 473, 273, 90, 31.44%, 0, 0, 2, 3.66, 60824, 564
895, 0, 355, 473, 273, 90, 31.44%, 0, 0, 2, 63.40, 61028, 564
900, 0, 355, 473, 273, 90, 31.44%, 0, 0, 2, 66.96, 61376, 564
905, 0, 355, 473, 273, 90, 31.44%, 0, 0, 2, 59.39, 61647, 564
910, 0, 355, 473, 273, 90, 31.44%, 0, 0, 2, 67.39, 61971, 564
916, 0, 355, 473, 273, 90, 31.44%, 0, 0, 2, 67.19, 62319, 564
921, 0, 355, 473, 273, 90, 31.44%, 0, 0, 2, 64.88, 62625, 564
926, 0, 355, 473, 273, 90, 31.44%, 0, 0, 2, 9.66, 62921, 564
931, 0, 355, 473, 273, 90, 31.44%, 0, 0, 2, 67.61, 63124, 564
937, 0, 355, 473, 273, 90, 31.44%, 0, 0, 2, 67.64, 63471, 564
942, 0, 355, 473, 273, 90, 31.44%, 0, 0, 2, 67.34, 63817, 564
947, 0, 355, 473, 273, 90, 31.44%, 0, 0, 2, 67.56, 64166, 564
952, 0, 355, 473, 273, 90, 31.44%, 0, 0, 2, 65.48, 64507, 564
957, 0, 355, 473, 273, 90, 31.44%, 0, 0, 2, 67.46, 64857, 564
962, 0, 355, 474, 274, 90, 31.55%, 0, 0, 2, 67.94, 65209, 566
968, 0, 355, 474, 274, 90, 31.55%, 0, 0, 2, 68.29, 65559, 566
973, 0, 355, 474, 274, 90, 31.55%, 0, 0, 2, 68.45, 65883, 566
978, 0, 355, 474, 274, 90, 31.55%, 0, 0, 2, 67.81, 66233, 566
983, 0, 355, 474, 274, 90, 31.55%, 0, 0, 2, 67.64, 66582, 566
988, 0, 355, 474, 274, 90, 31.55%, 0, 0, 2, 67.03, 66928, 566
993, 0, 355, 474, 274, 90, 31.55%, 0, 0, 2, 67.33, 67278, 566
998, 0, 355, 474, 274, 90, 31.55%, 0, 0, 2, 67.05, 67626, 566
1004, 0, 355, 474, 274, 90, 31.55%, 0, 0, 2, 67.24, 67974, 566
1009, 0, 355, 475, 275, 90, 31.61%, 0, 0, 2, 67.26, 68321, 567
1014, 0, 355, 475, 275, 90, 31.61%, 0, 0, 2, 65.26, 68648, 567
1019, 0, 355, 475, 275, 90, 31.61%, 0, 0, 2, 67.23, 68995, 567
1024, 0, 355, 475, 275, 90, 31.61%, 0, 0, 2, 63.03, 69313, 567
1029, 0, 355, 475, 275, 90, 31.61%, 0, 0, 2, 62.02, 69621, 567
1034, 0, 355, 475, 275, 90, 31.61%, 0, 0, 2, 64.86, 69938, 567
1039, 0, 355, 475, 275, 90, 31.61%, 0, 0, 2, 66.52, 70242, 567
1044, 0, 355, 475, 275, 90, 31.61%, 0, 0, 2, 65.72, 70569, 567
1050, 0, 355, 475, 275, 90, 31.61%, 0, 0, 2, 66.20, 70909, 567
1055, 0, 355, 475, 275, 90, 31.61%, 0, 0, 2, 61.81, 71185, 567
1060, 0, 355, 475, 275, 90, 31.61%, 0, 0, 2, 66.18, 71532, 567
1065, 0, 355, 475, 275, 90, 31.61%, 0, 0, 2, 3.40, 71574, 567
1071, 0, 355, 475, 275, 90, 31.61%, 0, 0, 2, 2.05, 71598, 567
1076, 0, 355, 475, 275, 90, 31.61%, 0, 0, 2, 5.32, 71652, 567
1081, 0, 355, 475, 275, 90, 31.61%, 0, 0, 2, 59.69, 71961, 567
1086, 0, 355, 475, 275, 90, 31.61%, 0, 0, 2, 63.09, 72288, 567
1091, 0, 355, 475, 275, 90, 31.61%, 0, 0, 2, 60.79, 72588, 567
1096, 0, 355, 475, 275, 90, 31.61%, 0, 0, 2, 63.80, 72893, 567
1101, 0, 355, 475, 275, 90, 31.61%, 0, 0, 2, 63.06, 73221, 567
1106, 0, 355, 475, 275, 90, 31.61%, 0, 0, 2, 63.21, 73506, 567
1112, 0, 355, 475, 275, 90, 31.61%, 0, 0, 2, 62.95, 73799, 567
1117, 0, 355, 475, 275, 90, 31.61%, 0, 0, 2, 65.25, 74128, 567
1122, 0, 355, 475, 275, 90, 31.61%, 0, 0, 2, 67.34, 74433, 567
1127, 0, 355, 475, 275, 90, 31.61%, 0, 0, 2, 11.11, 74587, 567
1132, 0, 355, 475, 275, 90, 31.61%, 0, 0, 2, 10.83, 74623, 567
1137, 0, 355, 475, 275, 90, 31.61%, 0, 0, 2, 52.25, 74770, 567
1143, 0, 355, 475, 275, 90, 31.61%, 0, 0, 2, 64.17, 75118, 567
1148, 0, 355, 475, 275, 90, 31.61%, 0, 0, 2, 66.13, 75459, 567
1153, 0, 355, 475, 275, 90, 31.61%, 0, 0, 2, 67.39, 75795, 567
1158, 0, 355, 475, 275, 90, 31.61%, 0, 0, 2, 67.15, 76141, 567
1163, 0, 355, 475, 275, 90, 31.61%, 0, 0, 2, 68.73, 76478, 567
1168, 0, 355, 475, 275, 90, 31.61%, 0, 0, 2, 4.88, 76752, 567
1173, 0, 355, 475, 275, 90, 31.61%, 0, 0, 2, 24.80, 77029, 567
1179, 0, 355, 475, 275, 90, 31.61%, 0, 0, 2, 2.62, 77125, 567
1184, 0, 355, 475, 275, 90, 31.61%, 0, 0, 2, 45.17, 77323, 567
1189, 0, 355, 475, 275, 90, 31.61%, 0, 0, 2, 61.39, 77657, 567
1194, 0, 355, 475, 275, 90, 31.61%, 0, 0, 2, 64.90, 77994, 567
1199, 0, 355, 475, 275, 90, 31.61%, 0, 0, 2, 65.71, 78322, 567
1204, 0, 355, 475, 275, 90, 31.61%, 0, 0, 2, 67.05, 78653, 567
1209, 0, 355, 475, 275, 90, 31.61%, 0, 0, 2, 56.33, 78890, 567
1214, 0, 355, 475, 275, 90, 31.61%, 0, 0, 2, 65.12, 79239, 567
1219, 0, 355, 475, 275, 90, 31.61%, 0, 0, 2, 65.01, 79568, 567
1224, 0, 355, 475, 275, 90, 31.61%, 0, 0, 2, 67.35, 79917, 567
1230, 0, 355, 475, 275, 90, 31.61%, 0, 0, 2, 65.15, 80216, 567
1235, 0, 355, 475, 275, 90, 31.61%, 0, 0, 2, 68.59, 80554, 567
1240, 0, 355, 475, 275, 90, 31.61%, 0, 0, 2, 7.00, 80775, 567
1245, 0, 355, 475, 275, 90, 31.61%, 0, 0, 2, 65.26, 81037, 567
1250, 0, 355, 475, 275, 90, 31.61%, 0, 0, 2, 68.41, 81389, 567
1255, 0, 355, 475, 275, 90, 31.61%, 0, 0, 2, 69.11, 81740, 567
1260, 0, 355, 475, 275, 90, 31.61%, 0, 0, 2, 68.18, 82062, 567
1265, 0, 355, 475, 275, 90, 31.61%, 0, 0, 2, 4.52, 82374, 567
1270, 0, 355, 475, 275, 90, 31.61%, 0, 0, 2, 65.21, 82676, 567
1275, 0, 355, 475, 275, 90, 31.61%, 0, 0, 2, 63.84, 82992, 567
1280, 0, 355, 475, 275, 90, 31.61%, 0, 0, 2, 8.20, 83284, 567
1286, 0, 355, 475, 275, 90, 31.61%, 0, 0, 2, 10.89, 83340, 567
1291, 0, 355, 475, 275, 90, 31.61%, 0, 0, 2, 16.65, 83448, 567
1296, 0, 355, 475, 275, 90, 31.61%, 0, 0, 2, 61.82, 83691, 567
1301, 0, 355, 475, 275, 90, 31.61%, 0, 0, 2, 67.52, 84041, 567
1306, 0, 355, 475, 275, 90, 31.61%, 0, 0, 2, 66.60, 84370, 567
1311, 0, 355, 475, 275, 90, 31.61%, 0, 0, 2, 68.36, 84709, 567
1316, 0, 355, 475, 275, 90, 31.61%, 0, 0, 2, 67.67, 85057, 567
1321, 0, 355, 475, 275, 90, 31.61%, 0, 0, 2, 0.83, 85192, 567
1327, 0, 355, 475, 275, 90, 31.61%, 0, 0, 2, 58.18, 85467, 567
1332, 0, 355, 475, 275, 90, 31.61%, 0, 0, 2, 5.08, 85788, 567
1337, 0, 355, 475, 275, 90, 31.61%, 0, 0, 2, 69.12, 86110, 567
1342, 0, 355, 475, 275, 90, 31.61%, 0, 0, 2, 68.05, 86456, 567
1347, 0, 355, 475, 275, 90, 31.61%, 0, 0, 2, 65.48, 86778, 567
1353, 0, 355, 475, 275, 90, 31.61%, 0, 0, 2, 8.43, 87009, 567
1358, 0, 355, 475, 275, 90, 31.61%, 0, 0, 2, 16.22, 87121, 567
1363, 0, 355, 475, 275, 90, 31.61%, 0, 0, 2, 57.37, 87466, 567
1369, 0, 355, 475, 275, 90, 31.61%, 0, 0, 2, 63.31, 87788, 567
1374, 0, 355, 475, 275, 90, 31.61%, 0, 0, 2, 64.78, 88097, 567
1379, 0, 355, 475, 275, 90, 31.61%, 0, 0, 2, 70.00, 88358, 567
1384, 0, 362, 475, 274, 92, 31.61%, 0, 0, 2, 731.85, 90935, 567
1389, 0, 362, 476, 275, 92, 31.61%, 0, 0, 2, 665.99, 94122, 567
1394, 0, 362, 476, 275, 92, 31.61%, 0, 0, 2, 3.12, 94286, 567
1399, 0, 362, 476, 275, 92, 31.61%, 0, 0, 2, 731.54, 94989, 567
1404, 0, 362, 476, 275, 92, 31.61%, 0, 0, 2, 723.24, 98629, 567
1409, 0, 362, 477, 276, 92, 31.66%, 0, 0, 2, 744.52, 102487, 568
1414, 0, 362, 478, 277, 92, 31.72%, 0, 0, 2, 754.60, 106269, 569
1420, 0, 362, 478, 277, 92, 31.72%, 0, 0, 2, 2.74, 108465, 569
1425, 0, 362, 478, 277, 92, 31.72%, 0, 0, 2, 5.03, 108507, 569
1430, 0, 362, 478, 277, 92, 31.72%, 0, 0, 2, 723.06, 109957, 569
1435, 0, 362, 479, 278, 92, 31.77%, 0, 0, 2, 703.73, 113516, 570
1440, 0, 362, 479, 278, 92, 31.77%, 0, 0, 2, 730.49, 116909, 570
1445, 0, 362, 479, 278, 92, 31.77%, 0, 0, 2, 654.46, 118157, 570
1450, 0, 363, 519, 317, 91, 34.11%, 0, 0, 2, 710.87, 121873, 612
1455, 0, 368, 520, 318, 105, 34.17%, 0, 0, 2, 617.69, 124842, 613
1460, 0, 368, 520, 318, 105, 34.17%, 0, 0, 2, 598.43, 127863, 613
1465, 0, 370, 520, 317, 104, 34.17%, 0, 0, 2, 708.99, 131382, 613
1471, 0, 370, 520, 317, 104, 34.17%, 0, 0, 2, 874.01, 136117, 613
1476, 0, 371, 520, 316, 103, 34.17%, 0, 0, 2, 888.41, 140586, 613
1481, 0, 371, 520, 316, 103, 34.17%, 0, 0, 2, 860.80, 144887, 613
1486, 0, 372, 520, 315, 102, 34.17%, 0, 0, 2, 796.04, 148911, 613
1491, 0, 372, 520, 315, 102, 34.17%, 0, 0, 2, 846.05, 153362, 613
1496, 0, 375, 520, 314, 101, 34.17%, 0, 0, 2, 802.60, 157313, 613
1501, 0, 375, 520, 314, 101, 34.17%, 0, 0, 2, 868.72, 161424, 613
1506, 0, 376, 520, 313, 100, 34.17%, 0, 0, 2, 855.04, 165740, 613
1511, 0, 376, 520, 313, 100, 34.17%, 0, 0, 2, 868.15, 170194, 613
1516, 0, 377, 520, 312, 99, 34.17%, 0, 0, 2, 874.82, 174646, 613
1522, 0, 377, 520, 312, 99, 34.17%, 0, 0, 2, 840.91, 178722, 613
1527, 0, 378, 520, 311, 98, 34.17%, 0, 0, 2, 787.76, 182639, 613
1532, 0, 378, 520, 311, 98, 34.17%, 0, 0, 2, 776.90, 186539, 613
1537, 0, 380, 520, 310, 97, 34.17%, 0, 0, 2, 824.30, 190690, 613
1542, 0, 380, 520, 310, 97, 34.17%, 0, 0, 2, 748.73, 194538, 613
1547, 0, 381, 520, 309, 96, 34.17%, 0, 0, 2, 604.88, 197538, 613
1552, 0, 381, 520, 309, 96, 34.17%, 0, 0, 2, 583.93, 200546, 613
1557, 0, 381, 520, 309, 96, 34.17%, 0, 0, 2, 563.38, 203384, 613
1562, 0, 382, 520, 308, 95, 34.17%, 0, 0, 2, 765.11, 207440, 613
1568, 0, 382, 520, 308, 95, 34.17%, 0, 0, 2, 800.22, 211385, 613
1573, 0, 383, 520, 307, 94, 34.17%, 0, 0, 2, 636.00, 214486, 613
1578, 0, 383, 520, 307, 94, 34.17%, 0, 0, 2, 584.88, 217348, 613
1583, 0, 384, 520, 306, 93, 34.17%, 0, 0, 2, 583.72, 220249, 613
1588, 0, 384, 520, 306, 93, 34.17%, 0, 0, 2, 773.64, 224424, 613
1593, 0, 384, 520, 306, 93, 34.17%, 0, 0, 2, 861.47, 227980, 613
1598, 0, 385, 520, 305, 92, 34.17%, 0, 0, 2, 798.00, 231986, 613
1603, 0, 385, 520, 305, 92, 34.17%, 0, 0, 2, 771.98, 235886, 613
1608, 0, 387, 520, 304, 91, 34.17%, 0, 0, 2, 146.05, 236594, 613
1613, 0, 387, 520, 304, 91, 34.17%, 0, 0, 2, 575.77, 238789, 613
1618, 0, 387, 520, 304, 91, 34.17%, 0, 0, 2, 573.19, 241660, 613
1623, 0, 387, 520, 304, 91, 34.17%, 0, 0, 2, 569.39, 244542, 613
1628, 0, 388, 520, 303, 90, 34.17%, 0, 0, 2, 796.46, 248865, 613
1634, 0, 389, 520, 302, 89, 34.17%, 0, 0, 2, 818.43, 253218, 613
1639, 0, 389, 520, 302, 89, 34.17%, 0, 0, 2, 625.85, 256106, 613
1644, 0, 389, 520, 302, 89, 34.17%, 0, 0, 2, 586.22, 259111, 613
1649, 0, 392, 520, 301, 88, 34.17%, 0, 0, 2, 671.00, 262376, 613
1654, 0, 392, 520, 301, 88, 34.17%, 0, 0, 2, 814.80, 266658, 613
1659, 0, 393, 520, 300, 87, 34.17%, 0, 0, 2, 849.66, 271074, 613
1664, 0, 393, 520, 300, 87, 34.17%, 0, 0, 2, 834.90, 275218, 613
1669, 0, 394, 520, 299, 86, 34.17%, 0, 0, 2, 825.62, 279330, 613
1674, 0, 394, 520, 299, 86, 34.17%, 0, 0, 2, 840.05, 283698, 613
1680, 0, 395, 520, 298, 85, 34.17%, 0, 0, 2, 827.05, 287858, 613
1685, 0, 395, 520, 298, 85, 34.17%, 0, 0, 2, 825.99, 292002, 613
1690, 0, 397, 520, 297, 84, 34.17%, 0, 0, 2, 832.62, 296194, 613
1695, 0, 397, 520, 297, 84, 34.17%, 0, 0, 2, 817.48, 300386, 613
1700, 0, 398, 520, 296, 83, 34.17%, 0, 0, 2, 817.84, 304690, 613
1705, 0, 398, 520, 296, 83, 34.17%, 0, 0, 2, 644.02, 307964, 613
1710, 0, 401, 520, 295, 82, 34.17%, 0, 0, 2, 781.13, 311791, 613
1715, 0, 401, 520, 295, 82, 34.17%, 0, 0, 2, 835.10, 315954, 613
1720, 0, 402, 520, 294, 81, 34.17%, 0, 0, 2, 757.17, 319533, 613
1726, 0, 402, 520, 294, 81, 34.17%, 0, 0, 2, 805.78, 323650, 613
1731, 0, 403, 520, 293, 80, 34.17%, 0, 0, 2, 813.70, 327778, 613
1736, 0, 403, 520, 293, 80, 34.17%, 0, 0, 2, 864.57, 332130, 613
1741, 0, 404, 520, 292, 79, 34.17%, 0, 0, 2, 832.56, 336098, 613
1746, 0, 404, 520, 292, 79, 34.17%, 0, 0, 2, 826.36, 340322, 613
1751, 0, 405, 520, 291, 78, 34.17%, 0, 0, 2, 728.48, 344054, 613
1756, 0, 405, 520, 291, 78, 34.17%, 0, 0, 2, 605.16, 347034, 613
1761, 0, 405, 520, 291, 78, 34.17%, 0, 0, 2, 578.20, 349685, 613
1766, 0, 407, 520, 290, 77, 34.17%, 0, 0, 2, 651.05, 352956, 613
1771, 0, 407, 520, 290, 77, 34.17%, 0, 0, 2, 710.31, 356362, 613
1777, 0, 409, 520, 289, 76, 34.17%, 0, 0, 2, 801.92, 360610, 613
1782, 0, 409, 520, 289, 76, 34.17%, 0, 0, 2, 828.50, 364818, 613
1787, 0, 410, 520, 288, 75, 34.17%, 0, 0, 2, 808.80, 368898, 613
1792, 0, 410, 520, 288, 75, 34.17%, 0, 0, 2, 799.79, 372914, 613
1797, 0, 411, 520, 287, 74, 34.17%, 0, 0, 2, 817.41, 377186, 613
1802, 0, 411, 520, 287, 74, 34.17%, 0, 0, 2, 865.68, 381588, 613
1807, 0, 412, 520, 286, 73, 34.17%, 0, 0, 2, 899.45, 386374, 613
1812, 0, 412, 520, 286, 73, 34.17%, 0, 0, 2, 888.28, 390868, 613
1817, 0, 413, 520, 285, 72, 34.17%, 0, 0, 2, 877.54, 395337, 613
1823, 0, 413, 520, 285, 72, 34.17%, 0, 0, 2, 883.77, 399825, 613
1828, 0, 414, 520, 284, 71, 34.17%, 0, 0, 2, 874.91, 404056, 613
1833, 0, 414, 520, 284, 71, 34.17%, 0, 0, 2, 882.97, 408527, 613
1838, 0, 415, 520, 283, 70, 34.17%, 0, 0, 2, 887.71, 413013, 613
1843, 0, 417, 520, 282, 69, 34.17%, 0, 0, 2, 820.06, 417058, 613
1848, 0, 417, 520, 282, 69, 34.17%, 0, 0, 2, 851.07, 421426, 613
1853, 0, 418, 520, 281, 68, 34.17%, 0, 0, 2, 875.95, 425861, 613
1858, 0, 418, 520, 281, 68, 34.17%, 0, 0, 2, 878.00, 430315, 613
1863, 0, 420, 520, 280, 67, 34.17%, 0, 0, 2, 888.32, 434801, 613
1868, 0, 420, 520, 280, 67, 34.17%, 0, 0, 2, 881.76, 439204, 613
1873, 0, 421, 520, 279, 66, 34.17%, 0, 0, 2, 867.65, 443605, 613
1878, 0, 421, 520, 279, 66, 34.17%, 0, 0, 2, 871.01, 448008, 613
1883, 0, 422, 520, 278, 65, 34.17%, 0, 0, 2, 781.24, 451895, 613
1888, 0, 422, 520, 278, 65, 34.17%, 0, 0, 2, 853.68, 456387, 613
1893, 0, 423, 520, 277, 64, 34.17%, 0, 0, 2, 846.61, 460635, 613
1898, 0, 423, 520, 277, 64, 34.17%, 0, 0, 2, 875.27, 465106, 613
1903, 0, 424, 520, 276, 63, 34.17%, 0, 0, 2, 880.26, 469592, 613
1909, 0, 424, 520, 276, 63, 34.17%, 0, 0, 2, 863.56, 474012, 613
1914, 0, 425, 520, 275, 62, 34.17%, 0, 0, 2, 883.91, 478481, 613
1919, 0, 427, 520, 274, 61, 34.17%, 0, 0, 2, 900.49, 483148, 613
1924, 0, 427, 520, 274, 61, 34.17%, 0, 0, 2, 907.10, 487846, 613
1929, 0, 428, 520, 273, 60, 34.17%, 0, 0, 2, 856.31, 492094, 613
1934, 0, 428, 520, 273, 60, 34.17%, 0, 0, 2, 888.34, 496582, 613
1939, 0, 429, 520, 272, 59, 34.17%, 0, 0, 2, 894.66, 501119, 613
1944, 0, 429, 520, 272, 59, 34.17%, 0, 0, 2, 892.88, 505607, 613
1949, 0, 430, 520, 271, 58, 34.17%, 0, 0, 2, 895.22, 510280, 613
1954, 0, 430, 520, 271, 58, 34.17%, 0, 0, 2, 893.58, 514717, 613
1959, 0, 431, 520, 270, 57, 34.17%, 0, 0, 2, 875.40, 519101, 613
1964, 0, 431, 520, 270, 57, 34.17%, 0, 0, 2, 769.81, 523116, 613
1970, 0, 432, 520, 269, 56, 34.17%, 0, 0, 2, 789.72, 527123, 613
1975, 0, 432, 520, 269, 56, 34.17%, 0, 0, 2, 827.03, 531474, 613
1980, 0, 433, 520, 268, 55, 34.17%, 0, 0, 2, 779.14, 535360, 613
1985, 0, 434, 520, 267, 54, 34.17%, 0, 0, 2, 869.70, 539988, 613
1990, 0, 434, 520, 267, 54, 34.17%, 0, 0, 2, 872.53, 544153, 613
1995, 0, 434, 520, 267, 54, 34.17%, 0, 0, 2, 806.00, 547872, 613
2000, 0, 435, 520, 266, 53, 34.17%, 0, 0, 2, 875.36, 552430, 613
2005, 0, 436, 520, 265, 52, 34.17%, 0, 0, 2, 908.97, 557164, 613
2011, 0, 436, 520, 265, 52, 34.17%, 0, 0, 2, 925.00, 561916, 613
2016, 0, 437, 520, 264, 51, 34.17%, 0, 0, 2, 885.68, 566366, 613
2021, 0, 437, 520, 264, 51, 34.17%, 0, 0, 2, 840.62, 570722, 613
2026, 0, 440, 520, 263, 50, 34.17%, 0, 0, 2, 877.47, 575153, 613
2031, 0, 440, 520, 263, 50, 34.17%, 0, 0, 2, 889.53, 579760, 613
2036, 0, 440, 520, 263, 50, 34.17%, 0, 0, 2, 884.08, 584231, 613
2041, 0, 440, 520, 263, 50, 34.17%, 0, 0, 2, 898.87, 588906, 613
2046, 0, 440, 520, 263, 50, 34.17%, 0, 0, 2, 891.18, 593394, 613
2051, 0, 441, 520, 262, 49, 34.17%, 0, 0, 2, 773.20, 597146, 613
2057, 0, 441, 520, 262, 49, 34.17%, 0, 0, 2, 839.92, 601442, 613
2062, 0, 441, 520, 262, 49, 34.17%, 0, 0, 2, 684.68, 604488, 613
2067, 0, 441, 520, 262, 49, 34.17%, 0, 0, 2, 731.67, 608338, 613
2072, 0, 441, 520, 262, 49, 34.17%, 0, 0, 2, 752.37, 612216, 613
2077, 0, 441, 520, 262, 49, 34.17%, 0, 0, 2, 782.77, 616031, 613
2082, 0, 441, 520, 262, 49, 34.17%, 0, 0, 2, 890.58, 620010, 613
2088, 0, 441, 520, 262, 49, 34.17%, 0, 0, 2, 839.79, 624039, 613
2094, 0, 441, 520, 262, 49, 34.17%, 0, 0, 2, 5.56, 624098, 613
2099, 0, 441, 520, 262, 49, 34.17%, 0, 0, 2, 127.72, 624306, 613
2104, 0, 441, 520, 262, 49, 34.17%, 0, 0, 2, 44.67, 624367, 613
2109, 0, 441, 520, 262, 49, 34.17%, 0, 0, 2, 845.76, 628834, 613
2114, 0, 441, 520, 262, 49, 34.17%, 0, 0, 2, 45.00, 629199, 613
2119, 0, 444, 520, 261, 48, 34.17%, 0, 0, 2, 889.97, 633092, 613
2124, 0, 444, 520, 261, 48, 34.17%, 0, 0, 2, 887.49, 637580, 613
2129, 0, 444, 520, 261, 48, 34.17%, 0, 0, 2, 853.29, 641813, 613
2135, 0, 444, 520, 261, 48, 34.17%, 0, 0, 2, 839.44, 645810, 613
2140, 0, 444, 520, 261, 48, 34.17%, 0, 0, 2, 114.23, 649240, 613
2145, 0, 444, 520, 261, 48, 34.17%, 0, 0, 2, 668.09, 652310, 613
2151, 0, 444, 520, 261, 48, 34.17%, 0, 0, 2, 14.44, 656059, 613
2156, 0, 444, 520, 261, 48, 34.17%, 0, 0, 2, 28.47, 656116, 613
2161, 0, 444, 520, 261, 48, 34.17%, 0, 0, 2, 759.02, 660289, 613
2166, 0, 447, 520, 260, 47, 34.17%, 0, 0, 2, 70.80, 664354, 613
2171, 0, 447, 520, 260, 47, 34.17%, 0, 0, 2, 887.08, 668342, 613
2176, 0, 447, 520, 260, 47, 34.17%, 0, 0, 2, 821.49, 672290, 613
2181, 0, 447, 520, 260, 47, 34.17%, 0, 0, 2, 58.40, 673582, 613
2186, 0, 447, 520, 260, 47, 34.17%, 0, 0, 2, 882.99, 674564, 613
2191, 0, 447, 520, 260, 47, 34.17%, 0, 0, 2, 890.23, 679052, 613
2196, 0, 447, 520, 260, 47, 34.17%, 0, 0, 2, 850.90, 683353, 613
2201, 0, 447, 520, 260, 47, 34.17%, 0, 0, 2, 846.50, 687458, 613
2207, 0, 447, 520, 260, 47, 34.17%, 0, 0, 2, 837.11, 691634, 613
2212, 0, 447, 520, 260, 47, 34.17%, 0, 0, 2, 863.60, 695015, 613
2217, 0, 448, 520, 259, 46, 34.17%, 0, 0, 2, 66.82, 698688, 613
2222, 0, 448, 520, 259, 46, 34.17%, 0, 0, 2, 874.72, 699818, 613
2227, 0, 448, 520, 259, 46, 34.17%, 0, 0, 2, 863.92, 704204, 613
2232, 0, 448, 520, 259, 46, 34.17%, 0, 0, 2, 835.29, 708402, 613
2237, 0, 448, 520, 259, 46, 34.17%, 0, 0, 2, 823.69, 712514, 613
2242, 0, 448, 520, 259, 46, 34.17%, 0, 0, 2, 818.01, 716498, 613
2247, 0, 448, 520, 259, 46, 34.17%, 0, 0, 2, 832.34, 720706, 613
2252, 0, 448, 520, 259, 46, 34.17%, 0, 0, 2, 812.99, 724562, 613
2257, 0, 449, 520, 258, 45, 34.17%, 0, 0, 2, 857.78, 729084, 613
2262, 0, 449, 520, 258, 45, 34.17%, 0, 0, 2, 848.03, 733330, 613
2267, 0, 450, 520, 257, 44, 34.17%, 0, 0, 2, 859.56, 737684, 613
2272, 0, 450, 520, 257, 44, 34.17%, 0, 0, 2, 843.04, 741922, 613
2278, 0, 451, 520, 256, 44, 34.17%, 0, 0, 2, 893.05, 746556, 613
2283, 0, 451, 520, 256, 44, 34.17%, 0, 0, 2, 921.77, 751286, 613
2288, 0, 452, 520, 255, 43, 34.17%, 0, 0, 2, 886.85, 755700, 613
2293, 0, 452, 520, 255, 43, 34.17%, 0, 0, 2, 870.83, 760018, 613
2298, 0, 453, 520, 254, 42, 34.17%, 0, 0, 2, 872.06, 764419, 613
2303, 0, 453, 520, 254, 42, 34.17%, 0, 0, 2, 874.18, 768839, 613
2308, 0, 454, 520, 253, 41, 34.17%, 0, 0, 2, 87.03, 769557, 613
2313, 0, 454, 521, 254, 41, 34.34%, 0, 0, 3, 147.06, 770288, 616
2318, 0, 454, 521, 254, 41, 34.34%, 0, 0, 3, 149.14, 771034, 616
2323, 0, 454, 521, 254, 41, 34.34%, 0, 0, 3, 142.00, 771750, 616
2329, 0, 454, 521, 254, 41, 34.34%, 0, 0, 3, 142.20, 772452, 616
2334, 0, 454, 521, 254, 41, 34.34%, 0, 0, 3, 146.13, 773180, 616
2339, 0, 454, 521, 254, 41, 34.34%, 0, 0, 3, 153.33, 773803, 616
2344, 0, 454, 521, 254, 41, 34.34%, 0, 0, 3, 59.14, 774479, 616
2349, 0, 454, 521, 254, 41, 34.34%, 0, 0, 3, 116.92, 775104, 616
2354, 0, 454, 521, 254, 41, 34.34%, 0, 0, 3, 141.60, 775876, 616
2359, 0, 454, 521, 254, 41, 34.34%, 0, 0, 3, 139.02, 776518, 616
2364, 0, 454, 521, 254, 41, 34.34%, 0, 0, 3, 149.51, 777186, 616
2369, 0, 454, 521, 254, 41, 34.34%, 0, 0, 3, 26.47, 777765, 616
2375, 0, 454, 521, 254, 41, 34.34%, 0, 0, 3, 10.15, 778276, 616
2380, 0, 454, 521, 254, 41, 34.34%, 0, 0, 3, 88.20, 778613, 616
2385, 0, 454, 521, 254, 41, 34.34%, 0, 0, 3, 136.88, 779358, 616
2391, 0, 454, 521, 254, 41, 34.34%, 0, 0, 3, 136.88, 780086, 616
2396, 0, 454, 521, 254, 41, 34.34%, 0, 0, 3, 108.93, 780586, 616
2401, 0, 454, 521, 254, 41, 34.34%, 0, 0, 3, 12.44, 781124, 616
2406, 0, 454, 521, 254, 41, 34.34%, 0, 0, 3, 115.90, 781678, 616
2411, 0, 454, 521, 254, 41, 34.34%, 0, 0, 3, 141.84, 782432, 616
2416, 0, 454, 521, 254, 41, 34.34%, 0, 0, 3, 145.97, 783172, 616
2421, 0, 454, 521, 254, 41, 34.34%, 0, 0, 3, 151.21, 783937, 616
2426, 0, 454, 521, 254, 41, 34.34%, 0, 0, 3, 153.68, 784729, 616
2432, 0, 454, 521, 254, 41, 34.34%, 0, 0, 3, 3.68, 785052, 616
2437, 0, 454, 521, 254, 41, 34.34%, 0, 0, 3, 115.95, 785670, 616
2442, 0, 454, 521, 254, 41, 34.34%, 0, 0, 3, 16.06, 786398, 616
2447, 0, 454, 521, 254, 41, 34.34%, 0, 0, 3, 153.91, 787156, 616
2452, 0, 454, 521, 254, 41, 34.34%, 0, 0, 3, 135.50, 787828, 616
2457, 0, 454, 522, 255, 41, 34.34%, 0, 0, 3, 142.68, 788538, 616
2462, 0, 454, 522, 255, 41, 34.34%, 0, 0, 3, 150.52, 789324, 616
2467, 0, 454, 522, 255, 41, 34.34%, 0, 0, 3, 147.69, 790076, 616
2472, 0, 454, 522, 255, 41, 34.34%, 0, 0, 3, 151.51, 790845, 616
2478, 0, 454, 522, 255, 41, 34.34%, 0, 0, 3, 152.07, 791622, 616
2483, 0, 454, 522, 255, 41, 34.34%, 0, 0, 3, 153.66, 792402, 616
2488, 0, 454, 522, 255, 41, 34.34%, 0, 0, 3, 7.36, 792582, 616
2493, 0, 454, 522, 255, 41, 34.34%, 0, 0, 3, 138.01, 793352, 616
2498, 0, 455, 522, 254, 42, 34.34%, 0, 0, 3, 888.14, 796540, 616
2504, 0, 455, 522, 254, 42, 34.34%, 0, 0, 3, 863.98, 800433, 616
2509, 0, 455, 522, 254, 42, 34.34%, 0, 0, 3, 918.33, 804666, 616
2514, 0, 455, 522, 254, 42, 34.34%, 0, 0, 3, 830.41, 808610, 616
2519, 0, 455, 522, 254, 42, 34.34%, 0, 0, 3, 855.36, 812469, 616
2524, 0, 455, 522, 254, 42, 34.34%, 0, 0, 3, 979.11, 817647, 616
2535, 0, 456, 524, 255, 41, 34.34%, 0, 0, 3, 3.47, 818268, 616
2540, 0, 461, 525, 256, 44, 35.56%, 0, 0, 3, 70.50, 818535, 638
2545, 0, 461, 525, 256, 44, 35.56%, 0, 0, 3, 61.90, 818821, 638
2550, 0, 461, 525, 256, 44, 35.56%, 0, 0, 3, 53.72, 819046, 638
2555, 0, 461, 525, 256, 44, 35.56%, 0, 0, 3, 57.80, 819348, 638
2560, 0, 461, 525, 256, 44, 35.56%, 0, 0, 3, 6.36, 819547, 638
2565, 0, 461, 525, 256, 44, 35.56%, 0, 0, 3, 60.47, 819619, 638
2570, 0, 461, 525, 256, 44, 35.56%, 0, 0, 3, 60.32, 819902, 638
2576, 0, 461, 525, 256, 44, 35.56%, 0, 0, 3, 62.75, 820205, 638
2581, 0, 461, 525, 256, 44, 35.56%, 0, 0, 3, 63.24, 820530, 638
2586, 0, 461, 525, 256, 44, 35.56%, 0, 0, 3, 59.78, 820841, 638
2591, 0, 461, 525, 256, 44, 35.56%, 0, 0, 3, 63.02, 821166, 638
2596, 0, 461, 525, 256, 44, 35.56%, 0, 0, 3, 58.24, 821458, 638
2601, 0, 461, 525, 256, 44, 35.56%, 0, 0, 3, 62.35, 821783, 638
2606, 0, 461, 525, 256, 44, 35.56%, 0, 0, 3, 62.66, 822096, 638
2611, 0, 461, 525, 256, 44, 35.56%, 0, 0, 3, 63.23, 822421, 638
2617, 0, 461, 525, 256, 44, 35.56%, 0, 0, 3, 63.63, 822746, 638
2622, 0, 461, 525, 256, 44, 35.56%, 0, 0, 3, 60.18, 823037, 638
2627, 0, 461, 525, 256, 44, 35.56%, 0, 0, 3, 62.82, 823362, 638
2632, 0, 461, 525, 256, 44, 35.56%, 0, 0, 3, 58.62, 823641, 638
2637, 0, 461, 525, 256, 44, 35.56%, 0, 0, 3, 63.19, 823954, 638
2642, 0, 461, 525, 256, 44, 35.56%, 0, 0, 3, 62.72, 824279, 638
2647, 0, 461, 525, 256, 44, 35.56%, 0, 0, 3, 63.44, 824604, 638
2652, 0, 461, 525, 256, 44, 35.56%, 0, 0, 3, 63.56, 824929, 638
2657, 0, 461, 525, 256, 44, 35.56%, 0, 0, 3, 63.38, 825221, 638
2663, 0, 461, 525, 256, 44, 35.56%, 0, 0, 3, 1.16, 825504, 638
2668, 0, 461, 525, 256, 44, 35.56%, 0, 0, 3, 18.05, 825562, 638
2673, 0, 461, 525, 256, 44, 35.56%, 0, 0, 3, 52.94, 825866, 638
2678, 0, 461, 525, 256, 44, 35.56%, 0, 0, 3, 62.59, 826167, 638
2683, 0, 461, 525, 256, 44, 35.56%, 0, 0, 3, 62.68, 826447, 638
2689, 0, 461, 525, 256, 44, 35.56%, 0, 0, 3, 13.15, 826637, 638
2694, 0, 461, 525, 256, 44, 35.56%, 0, 0, 3, 5.91, 826766, 638
2699, 0, 461, 525, 256, 44, 35.56%, 0, 0, 3, 64.42, 826922, 638
2704, 0, 461, 525, 256, 44, 35.56%, 0, 0, 3, 61.95, 827209, 638
2709, 0, 461, 525, 256, 44, 35.56%, 0, 0, 3, 61.97, 827510, 638
2715, 0, 461, 525, 256, 44, 35.56%, 0, 0, 3, 63.00, 827834, 638
2720, 0, 461, 525, 256, 44, 35.56%, 0, 0, 3, 62.55, 828148, 638
2725, 0, 461, 525, 256, 44, 35.56%, 0, 0, 3, 61.89, 828454, 638
2730, 0, 461, 525, 256, 44, 35.56%, 0, 0, 3, 59.55, 828757, 638
2735, 0, 461, 525, 256, 44, 35.56%, 0, 0, 3, 11.80, 829033, 638
2740, 0, 461, 525, 256, 44, 35.56%, 0, 0, 3, 43.73, 829278, 638
2745, 0, 461, 525, 256, 44, 35.56%, 0, 0, 3, 54.43, 829568, 638
2751, 0, 461, 525, 256, 44, 35.56%, 0, 0, 3, 64.59, 829847, 638
2756, 0, 461, 525, 256, 44, 35.56%, 0, 0, 3, 62.57, 830156, 638
2761, 0, 461, 525, 256, 44, 35.56%, 0, 0, 3, 58.53, 830457, 638
2766, 0, 461, 525, 256, 44, 35.56%, 0, 0, 3, 9.30, 830581, 638
2771, 0, 461, 525, 256, 44, 35.56%, 0, 0, 3, 48.25, 830752, 638
2776, 0, 461, 525, 256, 44, 35.56%, 0, 0, 3, 61.02, 831078, 638
2781, 0, 461, 525, 256, 44, 35.56%, 0, 0, 3, 64.34, 831393, 638
2786, 0, 461, 525, 256, 44, 35.56%, 0, 0, 3, 64.25, 831718, 638
2791, 0, 461, 525, 256, 44, 35.56%, 0, 0, 3, 64.11, 832043, 638
2796, 0, 461, 525, 256, 44, 35.56%, 0, 0, 3, 58.58, 832335, 638
2802, 0, 461, 525, 256, 44, 35.56%, 0, 0, 3, 62.88, 832660, 638
2807, 0, 461, 525, 256, 44, 35.56%, 0, 0, 3, 59.27, 832965, 638
2812, 0, 461, 525, 256, 44, 35.56%, 0, 0, 3, 63.34, 833295, 638
2817, 0, 461, 525, 256, 44, 35.56%, 0, 0, 3, 61.02, 833563, 638
2822, 0, 461, 525, 256, 44, 35.56%, 0, 0, 3, 62.82, 833873, 638
2827, 0, 461, 525, 256, 44, 35.56%, 0, 0, 3, 62.53, 834195, 638
2832, 0, 461, 525, 256, 44, 35.56%, 0, 0, 3, 64.17, 834528, 638
2837, 0, 461, 525, 256, 44, 35.56%, 0, 0, 3, 63.83, 834859, 638
2843, 0, 461, 525, 256, 44, 35.56%, 0, 0, 3, 64.14, 835184, 638
2848, 0, 461, 525, 256, 44, 35.56%, 0, 0, 3, 3.29, 835471, 638
2853, 0, 461, 525, 256, 44, 35.56%, 0, 0, 3, 5.31, 835507, 638
2859, 0, 461, 525, 256, 44, 35.56%, 0, 0, 3, 5.82, 835542, 638
2864, 0, 461, 525, 256, 44, 35.56%, 0, 0, 3, 57.62, 835762, 638
2869, 0, 461, 525, 256, 44, 35.56%, 0, 0, 3, 61.07, 836083, 638
2874, 0, 461, 525, 256, 44, 35.56%, 0, 0, 3, 63.33, 836408, 638
2879, 0, 461, 525, 256, 44, 35.56%, 0, 0, 3, 59.20, 836703, 638
2884, 0, 461, 525, 256, 44, 35.56%, 0, 0, 3, 62.60, 837028, 638
2889, 0, 461, 525, 256, 44, 35.56%, 0, 0, 3, 61.86, 837339, 638
2894, 0, 461, 525, 256, 44, 35.56%, 0, 0, 3, 61.65, 837621, 638
2899, 0, 461, 525, 256, 44, 35.56%, 0, 0, 3, 63.71, 837946, 638
2904, 0, 461, 525, 256, 44, 35.56%, 0, 0, 3, 64.17, 838273, 638
2909, 0, 461, 525, 256, 44, 35.56%, 0, 0, 3, 64.26, 838599, 638
2914, 0, 461, 525, 256, 44, 35.56%, 0, 0, 3, 63.45, 838924, 638
2920, 0, 461, 525, 256, 44, 35.56%, 0, 0, 3, 63.51, 839248, 638
2925, 0, 461, 525, 256, 44, 35.56%, 0, 0, 3, 37.55, 839402, 638
2930, 0, 461, 525, 256, 44, 35.56%, 0, 0, 3, 58.97, 839727, 638
2935, 0, 461, 525, 256, 44, 35.56%, 0, 0, 3, 57.50, 839985, 638
2940, 0, 461, 525, 256, 44, 35.56%, 0, 0, 3, 61.96, 840310, 638
2945, 0, 461, 525, 256, 44, 35.56%, 0, 0, 3, 61.16, 840630, 638
2950, 0, 461, 525, 256, 44, 35.56%, 0, 0, 3, 62.75, 840955, 638
2955, 0, 461, 525, 256, 44, 35.56%, 0, 0, 3, 62.98, 841279, 638
2961, 0, 461, 525, 256, 44, 35.56%, 0, 0, 3, 63.58, 841604, 638
2966, 0, 461, 525, 256, 44, 35.56%, 0, 0, 3, 61.21, 841920, 638
2971, 0, 461, 525, 256, 44, 35.56%, 0, 0, 3, 63.50, 842246, 638
2976, 0, 461, 525, 256, 44, 35.56%, 0, 0, 3, 64.22, 842572, 638
2981, 0, 461, 525, 256, 44, 35.56%, 0, 0, 3, 63.81, 842897, 638
2986, 0, 461, 525, 256, 44, 35.56%, 0, 0, 3, 63.43, 843222, 638
2991, 0, 461, 525, 256, 44, 35.56%, 0, 0, 3, 62.42, 843527, 638
2996, 0, 461, 525, 256, 44, 35.56%, 0, 0, 3, 63.85, 843840, 638
3001, 0, 461, 525, 256, 44, 35.56%, 0, 0, 3, 63.33, 844153, 638
3007, 0, 461, 525, 256, 44, 35.56%, 0, 0, 3, 61.70, 844413, 638
3012, 0, 461, 525, 256, 44, 35.56%, 0, 0, 3, 58.77, 844712, 638
3017, 0, 461, 525, 256, 44, 35.56%, 0, 0, 3, 10.46, 844769, 638
3022, 0, 461, 525, 256, 44, 35.56%, 0, 0, 3, 49.00, 845042, 638
3027, 0, 461, 525, 256, 44, 35.56%, 0, 0, 3, 61.08, 845307, 638
3033, 0, 461, 525, 256, 44, 35.56%, 0, 0, 3, 63.43, 845622, 638
3038, 0, 461, 525, 256, 44, 35.56%, 0, 0, 3, 50.07, 845909, 638
3043, 0, 461, 525, 256, 44, 35.56%, 0, 0, 3, 63.98, 846196, 638
3048, 0, 461, 525, 256, 44, 35.56%, 0, 0, 3, 7.15, 846330, 638
3053, 0, 461, 525, 256, 44, 35.56%, 0, 0, 3, 6.89, 846358, 638
3058, 0, 461, 525, 256, 44, 35.56%, 0, 0, 3, 64.03, 846567, 638
3063, 0, 461, 525, 256, 44, 35.56%, 0, 0, 3, 63.75, 846891, 638
3068, 0, 461, 525, 256, 44, 35.56%, 0, 0, 3, 61.96, 847195, 638
3073, 0, 461, 525, 256, 44, 35.56%, 0, 0, 3, 59.64, 847494, 638
3079, 0, 461, 525, 256, 44, 35.56%, 0, 0, 3, 59.81, 847811, 638
3084, 0, 461, 525, 256, 44, 35.56%, 0, 0, 3, 56.17, 848076, 638
3089, 0, 461, 525, 256, 44, 35.56%, 0, 0, 3, 3.61, 848288, 638
3094, 0, 461, 525, 256, 44, 35.56%, 0, 0, 3, 10.36, 848353, 638
3099, 0, 461, 525, 256, 44, 35.56%, 0, 0, 3, 42.03, 848584, 638
3104, 0, 461, 525, 256, 44, 35.56%, 0, 0, 3, 58.80, 848904, 638
3109, 0, 461, 525, 256, 44, 35.56%, 0, 0, 3, 61.40, 849214, 638
3115, 0, 461, 525, 256, 44, 35.56%, 0, 0, 3, 63.63, 849539, 638
3120, 0, 461, 525, 256, 44, 35.56%, 0, 0, 3, 62.80, 849843, 638
3125, 0, 461, 525, 256, 44, 35.56%, 0, 0, 3, 63.30, 850136, 638
3130, 0, 461, 525, 256, 44, 35.56%, 0, 0, 3, 63.08, 850436, 638
3135, 0, 461, 525, 256, 44, 35.56%, 0, 0, 3, 9.25, 850722, 638
3140, 0, 461, 525, 256, 44, 35.56%, 0, 0, 3, 60.61, 850953, 638
3146, 0, 462, 525, 255, 43, 35.56%, 0, 0, 3, 10.27, 851144, 638
3151, 0, 462, 525, 255, 43, 35.56%, 0, 0, 3, 9.64, 851172, 638
3156, 0, 462, 525, 255, 43, 35.56%, 0, 0, 3, 40.51, 851299, 638
3161, 0, 462, 525, 255, 43, 35.56%, 0, 0, 3, 53.70, 851564, 638
3166, 0, 462, 525, 255, 43, 35.56%, 0, 0, 3, 61.25, 851876, 638
3171, 0, 462, 525, 255, 43, 35.56%, 0, 0, 3, 55.89, 852151, 638
3176, 0, 462, 525, 255, 43, 35.56%, 0, 0, 3, 57.41, 852421, 638
3182, 0, 462, 525, 255, 43, 35.56%, 0, 0, 3, 0.32, 852569, 638
3187, 0, 462, 525, 255, 43, 35.56%, 0, 0, 3, 8.69, 852755, 638
3192, 0, 462, 525, 255, 43, 35.56%, 0, 0, 3, 8.85, 852790, 638
3198, 0, 462, 525, 255, 43, 35.56%, 0, 0, 3, 62.71, 853113, 638
3203, 0, 462, 525, 255, 43, 35.56%, 0, 0, 3, 55.87, 853341, 638
3208, 0, 462, 525, 255, 43, 35.56%, 0, 0, 3, 63.73, 853618, 638
3213, 0, 462, 525, 255, 43, 35.56%, 0, 0, 3, 58.01, 853913, 638
3218, 0, 462, 525, 255, 43, 35.56%, 0, 0, 3, 60.42, 854152, 638
3223, 0, 462, 525, 255, 43, 35.56%, 0, 0, 3, 59.02, 854413, 638
3229, 0, 462, 525, 255, 43, 35.56%, 0, 0, 3, 32.53, 854600, 638
3234, 0, 462, 525, 255, 43, 35.56%, 0, 0, 3, 58.02, 854927, 638
3239, 0, 462, 525, 255, 43, 35.56%, 0, 0, 3, 63.24, 855254, 638
3244, 0, 462, 525, 255, 43, 35.56%, 0, 0, 3, 63.71, 855579, 638
3249, 0, 462, 525, 255, 43, 35.56%, 0, 0, 3, 64.05, 855904, 638
3254, 0, 462, 525, 255, 43, 35.56%, 0, 0, 3, 63.77, 856229, 638
3259, 0, 462, 525, 255, 43, 35.56%, 0, 0, 3, 59.28, 856525, 638
3264, 0, 462, 525, 255, 43, 35.56%, 0, 0, 3, 62.85, 856850, 638
3269, 0, 462, 525, 255, 43, 35.56%, 0, 0, 3, 60.65, 857123, 638
3274, 0, 462, 525, 255, 43, 35.56%, 0, 0, 3, 62.45, 857446, 638
3280, 0, 462, 525, 255, 43, 35.56%, 0, 0, 3, 63.11, 857770, 638
3285, 0, 462, 525, 255, 43, 35.56%, 0, 0, 3, 55.39, 858033, 638
3290, 0, 462, 525, 255, 43, 35.56%, 0, 0, 3, 62.06, 858358, 638
3295, 0, 462, 525, 255, 43, 35.56%, 0, 0, 3, 61.74, 858666, 638
3300, 0, 462, 525, 255, 43, 35.56%, 0, 0, 3, 60.08, 858962, 638
3305, 0, 462, 525, 255, 43, 35.56%, 0, 0, 3, 6.86, 859106, 638
3311, 0, 462, 525, 255, 43, 35.56%, 0, 0, 3, 5.44, 859349, 638
3316, 0, 462, 525, 255, 43, 35.56%, 0, 0, 3, 61.98, 859630, 638
3322, 0, 462, 525, 255, 43, 35.56%, 0, 0, 3, 2.83, 859777, 638
3327, 0, 462, 525, 255, 43, 35.56%, 0, 0, 3, 63.35, 859954, 638
3332, 0, 462, 525, 255, 43, 35.56%, 0, 0, 3, 62.59, 860273, 638
3337, 0, 462, 525, 255, 43, 35.56%, 0, 0, 3, 61.56, 860590, 638
3342, 0, 462, 525, 255, 43, 35.56%, 0, 0, 3, 63.59, 860915, 638
3347, 0, 462, 525, 255, 43, 35.56%, 0, 0, 3, 63.93, 861240, 638
3353, 0, 462, 525, 255, 43, 35.56%, 0, 0, 3, 61.49, 861511, 638
3358, 0, 462, 525, 255, 43, 35.56%, 0, 0, 3, 59.32, 861781, 638
3363, 0, 462, 525, 255, 43, 35.56%, 0, 0, 3, 4.93, 861919, 638
3368, 0, 462, 525, 255, 43, 35.56%, 0, 0, 3, 51.98, 862138, 638
3373, 0, 462, 525, 255, 43, 35.56%, 0, 0, 3, 61.03, 862463, 638
3378, 0, 462, 525, 255, 43, 35.56%, 0, 0, 3, 62.52, 862788, 638
3383, 0, 462, 525, 255, 43, 35.56%, 0, 0, 3, 63.20, 863113, 638
3389, 0, 462, 525, 255, 43, 35.56%, 0, 0, 3, 63.59, 863438, 638
3394, 0, 462, 525, 255, 43, 35.56%, 0, 0, 3, 39.74, 863741, 638
3399, 0, 462, 525, 255, 43, 35.56%, 0, 0, 3, 56.63, 864047, 638
3404, 0, 462, 525, 255, 43, 35.56%, 0, 0, 3, 62.25, 864372, 638
3409, 0, 462, 525, 255, 43, 35.56%, 0, 0, 3, 11.76, 864644, 638
3414, 0, 462, 525, 255, 43, 35.56%, 0, 0, 3, 63.30, 864937, 638
3419, 0, 462, 525, 255, 43, 35.56%, 0, 0, 3, 64.01, 865262, 638
3424, 0, 462, 525, 255, 43, 35.56%, 0, 0, 3, 60.13, 865566, 638
3429, 0, 462, 525, 255, 43, 35.56%, 0, 0, 3, 61.53, 865876, 638
3434, 0, 462, 525, 255, 43, 35.56%, 0, 0, 3, 57.10, 866162, 638
3440, 0, 462, 525, 255, 43, 35.56%, 0, 0, 3, 6.79, 866251, 638
3445, 0, 462, 525, 255, 43, 35.56%, 0, 0, 3, 55.61, 866501, 638
3450, 0, 462, 525, 255, 43, 35.56%, 0, 0, 3, 49.97, 866736, 638
3456, 0, 462, 525, 255, 43, 35.56%, 0, 0, 3, 60.10, 867051, 638
3461, 0, 462, 525, 255, 43, 35.56%, 0, 0, 3, 59.77, 867334, 638
3466, 0, 462, 525, 255, 43, 35.56%, 0, 0, 3, 63.00, 867658, 638
3471, 0, 462, 525, 255, 43, 35.56%, 0, 0, 3, 9.17, 867928, 638
3476, 0, 462, 525, 255, 43, 35.56%, 0, 0, 3, 61.84, 868237, 638
3481, 0, 462, 525, 255, 43, 35.56%, 0, 0, 3, 57.89, 868512, 638
3486, 0, 462, 525, 255, 43, 35.56%, 0, 0, 3, 58.54, 868645, 638
3491, 0, 462, 525, 255, 43, 35.56%, 0, 0, 3, 44.50, 868773, 638
3496, 0, 462, 525, 255, 43, 35.56%, 0, 0, 3, 59.80, 869098, 638
3502, 0, 462, 525, 255, 43, 35.56%, 0, 0, 3, 62.19, 869396, 638
3507, 0, 462, 525, 255, 43, 35.56%, 0, 0, 3, 63.16, 869721, 638
3512, 0, 462, 525, 255, 43, 35.56%, 0, 0, 3, 63.36, 870046, 638
3517, 0, 462, 525, 255, 43, 35.56%, 0, 0, 3, 63.53, 870371, 638
3522, 0, 462, 525, 255, 43, 35.56%, 0, 0, 3, 23.49, 870670, 638
3527, 0, 462, 525, 255, 43, 35.56%, 0, 0, 3, 56.07, 870995, 638
3532, 0, 462, 525, 255, 43, 35.56%, 0, 0, 3, 60.24, 871312, 638
3537, 0, 462, 525, 255, 43, 35.56%, 0, 0, 3, 62.74, 871637, 638
3543, 0, 462, 525, 255, 43, 35.56%, 0, 0, 3, 63.24, 871962, 638
3548, 0, 462, 525, 255, 43, 35.56%, 0, 0, 3, 56.98, 872246, 638
3553, 0, 462, 525, 255, 43, 35.56%, 0, 0, 3, 61.69, 872570, 638
3558, 0, 462, 525, 255, 43, 35.56%, 0, 0, 3, 58.79, 872847, 638
3563, 0, 462, 525, 255, 43, 35.56%, 0, 0, 3, 38.62, 873126, 638
3568, 0, 462, 525, 255, 43, 35.56%, 0, 0, 3, 57.22, 873434, 638
3573, 0, 462, 525, 255, 43, 35.56%, 0, 0, 3, 60.92, 873743, 638
3578, 0, 462, 525, 255, 43, 35.56%, 0, 0, 3, 63.10, 874068, 638
3583, 0, 462, 525, 255, 43, 35.56%, 0, 0, 3, 63.86, 874393, 638
3588, 0, 462, 525, 255, 43, 35.56%, 0, 0, 3, 58.94, 874692, 638
3593, 0, 462, 525, 255, 43, 35.56%, 0, 0, 3, 59.56, 874979, 638
3599, 0, 462, 525, 255, 43, 35.56%, 0, 0, 3, 63.15, 875292, 638
3604, 0, 462, 525, 255, 43, 35.56%, 0, 0, 3, 55.51, 875543, 638
3609, 0, 462, 525, 255, 43, 35.56%, 0, 0, 3, 61.55, 875868, 638
3614, 0, 462, 525, 255, 43, 35.56%, 0, 0, 3, 58.28, 876152, 638
3619, 0, 462, 525, 255, 43, 35.56%, 0, 0, 3, 61.40, 876456, 638
3624, 0, 462, 525, 255, 43, 35.56%, 0, 0, 3, 5.05, 876605, 638
3629, 0, 462, 525, 255, 43, 35.56%, 0, 0, 3, 63.43, 876689, 638
3634, 0, 462, 525, 255, 43, 35.56%, 0, 0, 3, 63.40, 877014, 638
3640, 0, 462, 525, 255, 43, 35.56%, 0, 0, 3, 63.34, 877339, 638
3645, 0, 462, 525, 255, 43, 35.56%, 0, 0, 3, 63.62, 877664, 638
3650, 0, 462, 525, 255, 43, 35.56%, 0, 0, 3, 63.60, 877989, 638
3655, 0, 462, 525, 255, 43, 35.56%, 0, 0, 3, 61.54, 878274, 638
3660, 0, 462, 525, 255, 43, 35.56%, 0, 0, 3, 62.89, 878599, 638
3665, 0, 462, 525, 255, 43, 35.56%, 0, 0, 3, 60.78, 878881, 638
3670, 0, 462, 525, 255, 43, 35.56%, 0, 0, 3, 63.13, 879206, 638
3675, 0, 462, 525, 255, 43, 35.56%, 0, 0, 3, 61.70, 879526, 638
3681, 0, 462, 525, 255, 43, 35.56%, 0, 0, 3, 61.64, 879836, 638
3686, 0, 462, 525, 255, 43, 35.56%, 0, 0, 3, 63.66, 880151, 638
3691, 0, 462, 525, 255, 43, 35.56%, 0, 0, 3, 56.70, 880437, 638
3696, 0, 462, 525, 255, 43, 35.56%, 0, 0, 3, 2.79, 880607, 638
3703, 0, 462, 525, 255, 43, 35.56%, 0, 0, 3, 0.16, 880611, 638
3708, 0, 462, 525, 255, 43, 35.56%, 0, 0, 3, 50.14, 880794, 638
3713, 0, 462, 525, 255, 43, 35.56%, 0, 0, 3, 57.94, 881080, 638
3718, 0, 462, 525, 255, 43, 35.56%, 0, 0, 3, 20.61, 881234, 638
3723, 0, 462, 525, 255, 43, 35.56%, 0, 0, 3, 43.79, 881441, 638
3728, 0, 462, 525, 255, 43, 35.56%, 0, 0, 3, 59.84, 881766, 638
3734, 0, 462, 525, 255, 43, 35.56%, 0, 0, 3, 61.99, 882052, 638
3739, 0, 462, 525, 255, 43, 35.56%, 0, 0, 3, 64.02, 882343, 638
3744, 0, 462, 525, 255, 43, 35.56%, 0, 0, 3, 59.76, 882620, 638
3749, 0, 462, 525, 255, 43, 35.56%, 0, 0, 3, 63.02, 882945, 638
3754, 0, 462, 525, 255, 43, 35.56%, 0, 0, 3, 63.33, 883268, 638
3759, 0, 462, 525, 255, 43, 35.56%, 0, 0, 3, 63.71, 883594, 638
3764, 0, 464, 525, 254, 42, 35.56%, 0, 0, 3, 63.69, 883917, 638
3769, 0, 464, 525, 254, 42, 35.56%, 0, 0, 3, 64.40, 884244, 638
3774, 0, 464, 525, 254, 42, 35.56%, 0, 0, 3, 45.48, 884462, 638
3779, 0, 464, 525, 254, 42, 35.56%, 0, 0, 3, 59.52, 884771, 638
3784, 0, 464, 525, 254, 42, 35.56%, 0, 0, 3, 62.00, 885094, 638
3789, 0, 464, 525, 254, 42, 35.56%, 0, 0, 3, 63.85, 885419, 638
3795, 0, 464, 525, 254, 42, 35.56%, 0, 0, 3, 64.03, 885745, 638
3800, 0, 464, 525, 254, 42, 35.56%, 0, 0, 3, 64.69, 886042, 638
3805, 0, 464, 525, 254, 42, 35.56%, 0, 0, 3, 65.03, 886378, 638
3810, 0, 464, 525, 254, 42, 35.56%, 0, 0, 3, 61.44, 886666, 638
3815, 0, 464, 525, 254, 42, 35.56%, 0, 0, 3, 64.35, 886993, 638
3820, 0, 464, 525, 254, 42, 35.56%, 0, 0, 3, 64.43, 887326, 638
3825, 0, 464, 525, 254, 42, 35.56%, 0, 0, 3, 64.73, 887658, 638
3830, 0, 464, 525, 254, 42, 35.56%, 0, 0, 3, 64.56, 887984, 638
3835, 0, 464, 525, 254, 42, 35.56%, 0, 0, 3, 64.55, 888310, 638
3841, 0, 464, 525, 254, 42, 35.56%, 0, 0, 3, 63.06, 888633, 638
3846, 0, 464, 525, 254, 42, 35.56%, 0, 0, 3, 61.23, 888953, 638
3851, 0, 464, 525, 254, 42, 35.56%, 0, 0, 3, 63.78, 889247, 638
3856, 0, 464, 525, 254, 42, 35.56%, 0, 0, 3, 61.46, 889554, 638
3861, 0, 464, 525, 254, 42, 35.56%, 0, 0, 3, 59.25, 889839, 638
3866, 0, 464, 525, 254, 42, 35.56%, 0, 0, 3, 62.20, 890149, 638
3871, 0, 464, 525, 254, 42, 35.56%, 0, 0, 3, 63.26, 890473, 638
3876, 0, 464, 525, 254, 42, 35.56%, 0, 0, 3, 64.04, 890789, 638
3882, 0, 464, 525, 254, 42, 35.56%, 0, 0, 3, 64.81, 891124, 638
3887, 0, 464, 525, 254, 42, 35.56%, 0, 0, 3, 65.28, 891452, 638
3892, 0, 464, 525, 254, 42, 35.56%, 0, 0, 3, 58.65, 891734, 638
3897, 0, 464, 525, 254, 42, 35.56%, 0, 0, 3, 62.89, 892060, 638
3902, 0, 464, 525, 254, 42, 35.56%, 0, 0, 3, 64.40, 892395, 638
3907, 0, 464, 525, 254, 42, 35.56%, 0, 0, 3, 65.28, 892725, 638
3912, 0, 464, 525, 254, 42, 35.56%, 0, 0, 3, 64.19, 893047, 638
3917, 0, 464, 525, 254, 42, 35.56%, 0, 0, 3, 64.42, 893376, 638
3923, 0, 464, 525, 254, 42, 35.56%, 0, 0, 3, 64.74, 893713, 638
3928, 0, 464, 525, 254, 42, 35.56%, 0, 0, 3, 64.91, 894034, 638
3933, 0, 464, 525, 254, 42, 35.56%, 0, 0, 3, 64.37, 894361, 638
3938, 0, 464, 525, 254, 42, 35.56%, 0, 0, 3, 64.08, 894687, 638
3943, 0, 464, 525, 254, 42, 35.56%, 0, 0, 3, 63.46, 894980, 638
3948, 0, 464, 525, 254, 42, 35.56%, 0, 0, 3, 63.75, 895304, 638
3953, 0, 464, 525, 254, 42, 35.56%, 0, 0, 3, 60.43, 895578, 638
3958, 0, 464, 525, 254, 42, 35.56%, 0, 0, 3, 64.52, 895842, 638
3963, 0, 464, 525, 254, 42, 35.56%, 0, 0, 3, 64.22, 896157, 638
3969, 0, 464, 525, 254, 42, 35.56%, 0, 0, 3, 62.14, 896451, 638
3974, 0, 464, 525, 254, 42, 35.56%, 0, 0, 3, 63.68, 896773, 638
3979, 0, 464, 525, 254, 42, 35.56%, 0, 0, 3, 1.56, 896900, 638
3984, 0, 464, 525, 254, 42, 35.56%, 0, 0, 3, 48.48, 897141, 638
3989, 0, 464, 525, 254, 42, 35.56%, 0, 0, 3, 61.70, 897470, 638
3994, 0, 464, 525, 254, 42, 35.56%, 0, 0, 3, 60.84, 897772, 638
3999, 0, 464, 525, 254, 42, 35.56%, 0, 0, 3, 63.54, 898101, 638
4005, 0, 464, 525, 254, 42, 35.56%, 0, 0, 3, 64.89, 898439, 638
4010, 0, 464, 525, 254, 42, 35.56%, 0, 0, 3, 63.70, 898742, 638
4015, 0, 464, 525, 254, 42, 35.56%, 0, 0, 3, 65.65, 899022, 638
4020, 0, 464, 525, 254, 42, 35.56%, 0, 0, 3, 4.33, 899117, 638
4025, 0, 464, 525, 254, 42, 35.56%, 0, 0, 3, 29.14, 899276, 638
4030, 0, 464, 525, 254, 42, 35.56%, 0, 0, 3, 57.41, 899607, 638
4035, 0, 464, 525, 254, 42, 35.56%, 0, 0, 3, 4.48, 899873, 638
4041, 0, 464, 525, 254, 42, 35.56%, 0, 0, 3, 64.85, 900210, 638
4046, 0, 464, 525, 254, 42, 35.56%, 0, 0, 3, 60.38, 900507, 638
4051, 0, 464, 525, 254, 42, 35.56%, 0, 0, 3, 65.00, 900750, 638
4056, 0, 464, 525, 254, 42, 35.56%, 0, 0, 3, 56.41, 901015, 638
4061, 0, 464, 525, 254, 42, 35.56%, 0, 0, 3, 65.19, 901263, 638
4066, 0, 464, 525, 254, 42, 35.56%, 0, 0, 3, 60.34, 901565, 638
4071, 0, 464, 525, 254, 42, 35.56%, 0, 0, 3, 64.49, 901858, 638
4076, 0, 464, 525, 254, 42, 35.56%, 0, 0, 3, 8.20, 902129, 638
4081, 0, 464, 525, 254, 42, 35.56%, 0, 0, 3, 65.73, 902248, 638
4087, 0, 464, 525, 254, 42, 35.56%, 0, 0, 3, 62.25, 902557, 638
4092, 0, 464, 525, 254, 42, 35.56%, 0, 0, 3, 53.79, 902739, 638
4097, 0, 464, 525, 254, 42, 35.56%, 0, 0, 3, 59.92, 903043, 638
4102, 0, 464, 525, 254, 42, 35.56%, 0, 0, 3, 63.06, 903368, 638
4107, 0, 464, 525, 254, 42, 35.56%, 0, 0, 3, 64.19, 903694, 638
4112, 0, 464, 525, 254, 42, 35.56%, 0, 0, 3, 23.12, 903961, 638
4117, 0, 464, 525, 254, 42, 35.56%, 0, 0, 3, 52.91, 904250, 638
4122, 0, 464, 525, 254, 42, 35.56%, 0, 0, 3, 42.50, 904506, 638
4127, 0, 464, 525, 254, 42, 35.56%, 0, 0, 3, 46.20, 904719, 638
4133, 0, 464, 525, 254, 42, 35.56%, 0, 0, 3, 1.90, 904871, 638
4138, 0, 464, 525, 254, 42, 35.56%, 0, 0, 3, 43.36, 904930, 638
4143, 0, 464, 525, 254, 42, 35.56%, 0, 0, 3, 56.54, 905178, 638
4148, 0, 464, 525, 254, 42, 35.56%, 0, 0, 3, 62.98, 905510, 638
4153, 0, 464, 525, 254, 42, 35.56%, 0, 0, 3, 64.95, 905851, 638
4158, 0, 464, 525, 254, 42, 35.56%, 0, 0, 3, 64.71, 906181, 638
4163, 0, 464, 525, 254, 42, 35.56%, 0, 0, 3, 65.13, 906507, 638
4169, 0, 464, 525, 254, 42, 35.56%, 0, 0, 3, 64.92, 906840, 638
4174, 0, 464, 525, 254, 42, 35.56%, 0, 0, 3, 64.87, 907177, 638
4179, 0, 464, 525, 254, 42, 35.56%, 0, 0, 3, 63.51, 907497, 638
4184, 0, 464, 525, 254, 42, 35.56%, 0, 0, 3, 62.72, 907811, 638
4189, 0, 464, 525, 254, 42, 35.56%, 0, 0, 3, 63.44, 908129, 638
4194, 0, 464, 525, 254, 42, 35.56%, 0, 0, 3, 56.09, 908430, 638
4200, 0, 464, 525, 254, 42, 35.56%, 0, 0, 3, 59.12, 908676, 638
4205, 0, 464, 525, 254, 42, 35.56%, 0, 0, 3, 35.67, 908825, 638
4210, 0, 464, 525, 254, 42, 35.56%, 0, 0, 3, 60.83, 909052, 638
4215, 0, 464, 525, 254, 42, 35.56%, 0, 0, 3, 64.15, 909388, 638
4220, 0, 464, 525, 254, 42, 35.56%, 0, 0, 3, 64.29, 909715, 638
4225, 0, 464, 525, 254, 42, 35.56%, 0, 0, 3, 64.60, 910045, 638
4231, 0, 464, 525, 254, 42, 35.56%, 0, 0, 3, 11.54, 910363, 638
4236, 0, 464, 525, 254, 42, 35.56%, 0, 0, 3, 56.34, 910533, 638
4241, 0, 464, 525, 254, 42, 35.56%, 0, 0, 3, 57.91, 910801, 638
4246, 0, 464, 525, 254, 42, 35.56%, 0, 0, 3, 59.58, 911065, 638
4251, 0, 464, 525, 254, 42, 35.56%, 0, 0, 3, 63.92, 911391, 638
4256, 0, 464, 525, 254, 42, 35.56%, 0, 0, 3, 63.23, 911717, 638
4261, 0, 464, 525, 254, 42, 35.56%, 0, 0, 3, 63.85, 912044, 638
4266, 0, 464, 525, 254, 42, 35.56%, 0, 0, 3, 64.99, 912369, 638
4271, 0, 464, 525, 254, 42, 35.56%, 0, 0, 3, 61.35, 912663, 638
4275, 0, 465, 525, 254, 42, 35.56%, 0, 0, 3, 0.00, 912776, 638
