# relative_time, cycles_done, cur_path, paths_total, pending_total, pending_favs, map_size, unique_crashes, unique_hangs, max_depth, execs_per_sec, total_execs, edges_found
60, 0, 394, 462, 247, 73, 32.00%, 0, 0, 5, 817.31, 50012, 574
65, 0, 397, 462, 246, 73, 32.00%, 0, 0, 5, 807.49, 54065, 574
70, 0, 376, 462, 245, 72, 32.00%, 0, 0, 5, 797.90, 58082, 574
75, 0, 376, 462, 245, 72, 32.00%, 0, 0, 5, 822.74, 62283, 574
80, 0, 116, 462, 244, 71, 32.00%, 0, 0, 5, 782.32, 66181, 574
86, 0, 387, 462, 243, 70, 32.00%, 0, 0, 5, 711.59, 69705, 574
91, 0, 426, 462, 242, 69, 32.00%, 0, 0, 5, 740.43, 73388, 574
96, 0, 447, 462, 241, 68, 32.00%, 0, 0, 5, 763.00, 77247, 574
101, 0, 447, 462, 241, 68, 32.00%, 0, 0, 5, 748.53, 81017, 574
106, 0, 451, 462, 240, 67, 32.00%, 0, 0, 5, 774.93, 85061, 574
111, 0, 461, 463, 240, 66, 32.05%, 0, 0, 5, 804.02, 89230, 575
116, 0, 395, 463, 239, 66, 32.05%, 0, 0, 5, 816.29, 93321, 575
121, 0, 440, 463, 238, 65, 32.05%, 0, 0, 5, 793.91, 97356, 575
126, 0, 379, 463, 237, 64, 32.05%, 0, 0, 5, 813.55, 101443, 575
131, 0, 407, 463, 236, 63, 32.05%, 0, 0, 5, 803.60, 105557, 575
136, 0, 406, 463, 235, 62, 32.05%, 0, 0, 5, 753.88, 109327, 575
141, 0, 406, 465, 237, 62, 32.16%, 0, 0, 5, 768.89, 113258, 577
146, 0, 380, 465, 236, 63, 32.16%, 0, 0, 5, 595.83, 116069, 577
151, 0, 449, 465, 235, 62, 32.16%, 0, 0, 5, 609.33, 119007, 577
157, 0, 449, 465, 235, 62, 32.16%, 0, 0, 5, 693.75, 122619, 577
162, 0, 210, 465, 234, 61, 32.16%, 0, 0, 5, 104.65, 123355, 577
167, 0, 210, 465, 234, 61, 32.16%, 0, 0, 5, 105.34, 123887, 577
172, 0, 210, 465, 234, 61, 32.16%, 0, 0, 5, 98.85, 124345, 577
177, 0, 210, 465, 234, 61, 32.16%, 0, 0, 5, 101.08, 124799, 577
182, 0, 210, 465, 234, 61, 32.16%, 0, 0, 5, 103.45, 125323, 577
187, 0, 210, 465, 234, 61, 32.16%, 0, 0, 5, 103.67, 125771, 577
192, 0, 210, 465, 234, 61, 32.16%, 0, 0, 5, 16.67, 126169, 577
197, 0, 210, 465, 234, 61, 32.16%, 0, 0, 5, 2.59, 126186, 577
203, 0, 210, 465, 234, 61, 32.16%, 0, 0, 5, 18.60, 126230, 577
208, 0, 210, 465, 234, 61, 32.16%, 0, 0, 5, 11.42, 126333, 577
213, 0, 210, 465, 234, 61, 32.16%, 0, 0, 5, 103.31, 126821, 577
218, 0, 210, 465, 234, 61, 32.16%, 0, 0, 5, 98.83, 127275, 577
224, 0, 210, 465, 234, 61, 32.16%, 0, 0, 5, 16.06, 127524, 577
229, 0, 210, 465, 234, 61, 32.16%, 0, 0, 5, 102.46, 127781, 577
234, 0, 210, 465, 234, 61, 32.16%, 0, 0, 5, 102.09, 128309, 577
239, 0, 210, 465, 234, 61, 32.16%, 0, 0, 5, 5.47, 128567, 577
244, 0, 210, 465, 234, 61, 32.16%, 0, 0, 5, 44.30, 128827, 577
250, 0, 210, 466, 235, 61, 32.16%, 0, 0, 5, 7.98, 129077, 577
255, 0, 210, 466, 235, 61, 32.16%, 0, 0, 5, 78.09, 129398, 577
260, 0, 210, 466, 235, 61, 32.16%, 0, 0, 5, 107.76, 129935, 577
265, 0, 210, 466, 235, 61, 32.16%, 0, 0, 5, 109.24, 130485, 577
271, 0, 210, 466, 235, 61, 32.16%, 0, 0, 5, 105.15, 131023, 577
276, 0, 210, 466, 235, 61, 32.16%, 0, 0, 5, 102.12, 131547, 577
281, 0, 210, 466, 235, 61, 32.16%, 0, 0, 5, 106.90, 132097, 577
286, 0, 210, 466, 235, 61, 32.16%, 0, 0, 5, 107.43, 132657, 577
291, 0, 210, 466, 235, 61, 32.16%, 0, 0, 5, 100.45, 133143, 577
296, 0, 210, 466, 235, 61, 32.16%, 0, 0, 5, 100.70, 133645, 577
301, 0, 210, 466, 235, 61, 32.16%, 0, 0, 5, 100.76, 134075, 577
306, 0, 210, 466, 235, 61, 32.16%, 0, 0, 5, 10.16, 134247, 577
312, 0, 210, 466, 235, 61, 32.16%, 0, 0, 5, 13.27, 134321, 577
317, 0, 210, 466, 235, 61, 32.16%, 0, 0, 5, 63.73, 134588, 577
322, 0, 210, 466, 235, 61, 32.16%, 0, 0, 5, 4.72, 134692, 577
327, 0, 210, 466, 235, 61, 32.16%, 0, 0, 5, 73.70, 135068, 577
332, 0, 210, 466, 235, 61, 32.16%, 0, 0, 5, 101.63, 135618, 577
337, 0, 210, 466, 235, 61, 32.16%, 0, 0, 5, 105.76, 136168, 577
342, 0, 210, 466, 235, 61, 32.16%, 0, 0, 5, 104.93, 136696, 577
348, 0, 367, 466, 234, 60, 32.16%, 0, 0, 5, 825.50, 141176, 577
353, 0, 367, 466, 234, 60, 32.16%, 0, 0, 5, 879.74, 145652, 577
358, 0, 367, 466, 234, 60, 32.16%, 0, 0, 5, 903.06, 150208, 577
363, 0, 457, 466, 233, 59, 32.16%, 0, 0, 5, 869.01, 154557, 577
368, 0, 457, 467, 234, 59, 32.16%, 0, 0, 5, 140.30, 158934, 577
373, 0, 457, 467, 234, 59, 32.16%, 0, 0, 5, 850.05, 163307, 577
378, 0, 385, 467, 233, 58, 32.16%, 0, 0, 5, 852.66, 167615, 577
384, 0, 385, 467, 233, 58, 32.16%, 0, 0, 5, 858.12, 171780, 577
389, 0, 385, 467, 233, 58, 32.16%, 0, 0, 5, 868.61, 175418, 577
394, 0, 425, 467, 232, 57, 32.16%, 0, 0, 5, 142.67, 178863, 577
399, 0, 425, 467, 232, 57, 32.16%, 0, 0, 5, 834.47, 183111, 577
404, 0, 425, 467, 232, 57, 32.16%, 0, 0, 5, 846.72, 187351, 577
409, 0, 425, 468, 233, 57, 32.22%, 0, 0, 5, 829.90, 191503, 578
414, 0, 445, 468, 232, 57, 32.22%, 0, 0, 5, 805.65, 195400, 578
419, 0, 445, 468, 232, 57, 32.22%, 0, 0, 5, 770.18, 199265, 578
424, 0, 445, 468, 232, 57, 32.22%, 0, 0, 5, 817.06, 202952, 578
429, 0, 464, 468, 231, 56, 32.22%, 0, 0, 5, 838.11, 207251, 578
434, 0, 464, 468, 231, 56, 32.22%, 0, 0, 5, 893.14, 211934, 578
439, 0, 464, 468, 231, 56, 32.22%, 0, 0, 5, 882.17, 216388, 578
445, 0, 419, 469, 231, 55, 32.27%, 0, 0, 5, 876.81, 220934, 579
450, 0, 419, 470, 232, 55, 32.33%, 0, 0, 5, 876.45, 225379, 580
455, 0, 419, 470, 232, 55, 32.33%, 0, 0, 5, 882.12, 229816, 580
460, 0, 383, 470, 231, 56, 32.33%, 0, 0, 5, 888.64, 234281, 580
465, 0, 383, 470, 231, 56, 32.33%, 0, 0, 5, 858.17, 238599, 580
470, 0, 383, 470, 231, 56, 32.33%, 0, 0, 5, 828.75, 242602, 580
475, 0, 383, 470, 231, 56, 32.33%, 0, 0, 5, 864.92, 246963, 580
480, 0, 410, 470, 230, 55, 32.33%, 0, 0, 5, 864.16, 251334, 580
485, 0, 410, 470, 230, 55, 32.33%, 0, 0, 5, 876.13, 255720, 580
490, 0, 410, 470, 230, 55, 32.33%, 0, 0, 5, 804.15, 259772, 580
495, 0, 416, 470, 229, 54, 32.33%, 0, 0, 5, 843.37, 264041, 580
501, 0, 416, 470, 229, 54, 32.33%, 0, 0, 5, 737.26, 267611, 580
506, 0, 416, 470, 229, 54, 32.33%, 0, 0, 5, 804.71, 271665, 580
511, 0, 437, 470, 228, 53, 32.33%, 0, 0, 5, 852.61, 276130, 580
516, 0, 437, 470, 228, 53, 32.33%, 0, 0, 5, 873.92, 280023, 580
521, 0, 437, 470, 228, 53, 32.33%, 0, 0, 5, 897.23, 284069, 580
526, 0, 437, 470, 228, 53, 32.33%, 0, 0, 5, 922.78, 288725, 580
532, 0, 377, 470, 227, 52, 32.33%, 0, 0, 5, 4.03, 289140, 580
537, 0, 377, 470, 227, 52, 32.33%, 0, 0, 5, 897.02, 293260, 580
542, 0, 377, 470, 227, 52, 32.33%, 0, 0, 5, 889.12, 297782, 580
547, 0, 377, 470, 227, 52, 32.33%, 0, 0, 5, 853.88, 301862, 580
552, 0, 456, 470, 226, 51, 32.33%, 0, 0, 5, 852.62, 306330, 580
557, 0, 456, 470, 226, 51, 32.33%, 0, 0, 5, 797.67, 309598, 580
562, 0, 456, 470, 226, 51, 32.33%, 0, 0, 5, 859.80, 313725, 580
567, 0, 400, 470, 225, 50, 32.33%, 0, 0, 5, 868.86, 318042, 580
572, 0, 400, 470, 225, 50, 32.33%, 0, 0, 5, 776.16, 321365, 580
577, 0, 400, 470, 225, 50, 32.33%, 0, 0, 5, 821.74, 325555, 580
583, 0, 400, 470, 225, 50, 32.33%, 0, 0, 5, 890.25, 330265, 580
588, 0, 427, 470, 224, 49, 32.33%, 0, 0, 5, 795.00, 333415, 580
593, 0, 427, 470, 224, 49, 32.33%, 0, 0, 5, 849.99, 337064, 580
598, 0, 427, 470, 224, 49, 32.33%, 0, 0, 5, 797.98, 340752, 580
603, 0, 420, 470, 223, 48, 32.33%, 0, 0, 5, 792.03, 344869, 580
608, 0, 420, 470, 223, 48, 32.33%, 0, 0, 5, 790.59, 348754, 580
613, 0, 420, 470, 223, 48, 32.33%, 0, 0, 5, 792.55, 352729, 580
618, 0, 420, 470, 223, 48, 32.33%, 0, 0, 5, 815.79, 356781, 580
623, 0, 412, 470, 222, 47, 32.33%, 0, 0, 5, 847.42, 361034, 580
628, 0, 412, 470, 222, 47, 32.33%, 0, 0, 5, 821.73, 365002, 580
633, 0, 412, 470, 222, 47, 32.33%, 0, 0, 5, 860.63, 369430, 580
638, 0, 436, 470, 221, 46, 32.33%, 0, 0, 5, 810.95, 373472, 580
644, 0, 436, 470, 221, 46, 32.33%, 0, 0, 5, 760.11, 377340, 580
649, 0, 436, 471, 222, 46, 33.11%, 0, 0, 5, 743.70, 381152, 594
654, 0, 436, 471, 222, 46, 33.11%, 0, 0, 5, 718.69, 384512, 594
659, 0, 432, 471, 221, 46, 33.11%, 0, 0, 5, 759.58, 387907, 594
664, 0, 432, 471, 221, 46, 33.11%, 0, 0, 5, 747.65, 391764, 594
669, 0, 432, 471, 221, 46, 33.11%, 0, 0, 5, 779.75, 395482, 594
674, 0, 432, 471, 221, 46, 33.11%, 0, 0, 5, 750.81, 399202, 594
679, 0, 470, 471, 220, 45, 33.11%, 0, 0, 5, 742.26, 403066, 594
684, 0, 470, 471, 220, 45, 33.11%, 0, 0, 5, 721.46, 406664, 594
689, 0, 470, 471, 220, 45, 33.11%, 0, 0, 5, 825.65, 410870, 594
694, 0, 408, 471, 219, 44, 33.11%, 0, 0, 5, 846.92, 415224, 594
700, 0, 408, 471, 219, 44, 33.11%, 0, 0, 5, 865.38, 419612, 594
705, 0, 408, 471, 219, 44, 33.11%, 0, 0, 5, 893.01, 423862, 594
710, 0, 469, 471, 218, 43, 33.11%, 0, 0, 5, 877.34, 428298, 594
715, 0, 469, 471, 218, 43, 33.11%, 0, 0, 5, 873.23, 432718, 594
720, 0, 469, 471, 218, 43, 33.11%, 0, 0, 5, 825.67, 436853, 594
725, 0, 469, 471, 218, 43, 33.11%, 0, 0, 5, 859.42, 441252, 594
730, 0, 450, 471, 217, 42, 33.11%, 0, 0, 5, 746.13, 444781, 594
735, 0, 450, 471, 217, 42, 33.11%, 0, 0, 5, 743.12, 448561, 594
740, 0, 450, 471, 217, 42, 33.11%, 0, 0, 5, 814.64, 452717, 594
745, 0, 462, 471, 216, 41, 33.11%, 0, 0, 5, 846.48, 456949, 594
750, 0, 462, 471, 216, 41, 33.11%, 0, 0, 5, 866.28, 461366, 594
756, 0, 462, 471, 216, 41, 33.11%, 0, 0, 5, 833.47, 465667, 594
761, 0, 431, 471, 215, 40, 33.11%, 0, 0, 5, 820.18, 469634, 594
766, 0, 431, 471, 215, 40, 33.11%, 0, 0, 5, 899.17, 474350, 594
771, 0, 431, 471, 215, 40, 33.11%, 0, 0, 5, 3.82, 475708, 594
776, 0, 431, 471, 215, 40, 33.11%, 0, 0, 5, 833.57, 480014, 594
781, 0, 452, 471, 214, 39, 33.11%, 0, 0, 5, 800.84, 483966, 594
786, 0, 452, 471, 214, 39, 33.11%, 0, 0, 5, 873.80, 488353, 594
791, 0, 452, 471, 214, 39, 33.11%, 0, 0, 5, 907.08, 493092, 594
796, 0, 389, 471, 213, 38, 33.11%, 0, 0, 5, 867.12, 497369, 594
801, 0, 389, 471, 213, 38, 33.11%, 0, 0, 5, 896.98, 501891, 594
806, 0, 389, 471, 213, 38, 33.11%, 0, 0, 5, 814.58, 506031, 594
811, 0, 389, 471, 213, 38, 33.11%, 0, 0, 5, 868.86, 510510, 594
816, 0, 414, 471, 212, 37, 33.11%, 0, 0, 5, 852.96, 514708, 594
822, 0, 414, 471, 212, 37, 33.11%, 0, 0, 5, 813.89, 518412, 594
827, 0, 414, 471, 212, 37, 33.11%, 0, 0, 5, 834.12, 522524, 594
832, 0, 428, 471, 211, 36, 33.11%, 0, 0, 5, 850.17, 526937, 594
837, 0, 428, 471, 211, 36, 33.11%, 0, 0, 5, 847.19, 531193, 594
842, 0, 428, 471, 211, 36, 33.11%, 0, 0, 5, 835.00, 535369, 594
847, 0, 393, 471, 210, 35, 33.11%, 0, 0, 5, 858.46, 539728, 594
852, 0, 393, 471, 210, 35, 33.11%, 0, 0, 5, 863.39, 544148, 594
857, 0, 393, 471, 210, 35, 33.11%, 0, 0, 5, 898.69, 548636, 594
862, 0, 458, 471, 209, 34, 33.11%, 0, 0, 5, 825.26, 552776, 594
868, 0, 458, 471, 209, 34, 33.11%, 0, 0, 5, 806.72, 556668, 594
873, 0, 458, 471, 209, 34, 33.11%, 0, 0, 5, 786.32, 560745, 594
878, 0, 458, 471, 209, 34, 33.11%, 0, 0, 5, 760.68, 564555, 594
883, 0, 463, 471, 208, 33, 33.11%, 0, 0, 5, 781.21, 568595, 594
888, 0, 463, 471, 208, 33, 33.11%, 0, 0, 5, 801.82, 572750, 594
894, 0, 463, 471, 208, 33, 33.11%, 0, 0, 5, 759.53, 576650, 594
899, 0, 369, 471, 207, 32, 33.11%, 0, 0, 5, 762.52, 580496, 594
904, 0, 369, 471, 207, 32, 33.11%, 0, 0, 5, 744.69, 584173, 594
909, 0, 369, 471, 207, 32, 33.11%, 0, 0, 5, 725.70, 587659, 594
914, 0, 369, 471, 207, 32, 33.11%, 0, 0, 5, 749.25, 591566, 594
919, 0, 413, 471, 206, 31, 33.11%, 0, 0, 5, 738.87, 595317, 594
924, 0, 413, 471, 206, 31, 33.11%, 0, 0, 5, 743.20, 599041, 594
929, 0, 413, 471, 206, 31, 33.11%, 0, 0, 5, 751.89, 602950, 594
934, 0, 413, 471, 206, 31, 33.11%, 0, 0, 5, 739.35, 606643, 594
939, 0, 434, 471, 205, 30, 33.11%, 0, 0, 5, 604.11, 609613, 594
945, 0, 434, 471, 205, 30, 33.11%, 0, 0, 5, 563.60, 612438, 594
950, 0, 434, 471, 205, 30, 33.11%, 0, 0, 5, 570.13, 615331, 594
955, 0, 434, 471, 205, 30, 33.11%, 0, 0, 5, 570.15, 618158, 594
960, 0, 434, 471, 205, 30, 33.11%, 0, 0, 5, 595.04, 621227, 594
965, 0, 448, 471, 204, 29, 33.11%, 0, 0, 5, 756.96, 625250, 594
970, 0, 448, 471, 204, 29, 33.11%, 0, 0, 5, 779.39, 629210, 594
975, 0, 448, 471, 204, 29, 33.11%, 0, 0, 5, 798.91, 633200, 594
980, 0, 392, 471, 203, 28, 33.11%, 0, 0, 5, 811.93, 637306, 594
985, 0, 392, 471, 203, 28, 33.11%, 0, 0, 5, 809.86, 641418, 594
990, 0, 392, 471, 203, 28, 33.11%, 0, 0, 5, 818.51, 645594, 594
995, 0, 409, 471, 202, 27, 33.11%, 0, 0, 5, 814.54, 649767, 594
1000, 0, 409, 471, 202, 27, 33.11%, 0, 0, 5, 807.92, 653831, 594
1005, 0, 409, 471, 202, 27, 33.11%, 0, 0, 5, 795.50, 657883, 594
1010, 0, 409, 471, 202, 27, 33.11%, 0, 0, 5, 790.06, 661798, 594
1015, 0, 467, 471, 201, 26, 33.11%, 0, 0, 5, 822.45, 665922, 594
1021, 0, 467, 471, 201, 26, 33.11%, 0, 0, 5, 844.08, 670354, 594
1026, 0, 467, 471, 201, 26, 33.11%, 0, 0, 5, 821.02, 674482, 594
1031, 0, 441, 471, 200, 25, 33.11%, 0, 0, 5, 770.04, 678401, 594
1036, 0, 441, 472, 201, 25, 33.11%, 0, 0, 5, 717.03, 682000, 594
1041, 0, 441, 472, 201, 25, 33.11%, 0, 0, 5, 745.04, 685780, 594
1046, 0, 441, 472, 201, 25, 33.11%, 0, 0, 5, 784.62, 689764, 594
1051, 0, 441, 472, 201, 25, 33.11%, 0, 0, 5, 776.51, 693844, 594
1056, 0, 441, 472, 201, 25, 33.11%, 0, 0, 5, 764.59, 697699, 594
1061, 0, 441, 472, 201, 25, 33.11%, 0, 0, 5, 768.79, 701659, 594
1067, 0, 441, 472, 201, 25, 33.11%, 0, 0, 5, 752.78, 705499, 594
1072, 0, 441, 472, 201, 25, 33.11%, 0, 0, 5, 766.14, 709414, 594
1077, 0, 421, 472, 200, 25, 33.11%, 0, 0, 5, 828.79, 713665, 594
1082, 0, 405, 472, 199, 24, 33.11%, 0, 0, 5, 881.79, 718135, 594
1087, 0, 405, 472, 199, 24, 33.11%, 0, 0, 5, 878.29, 722555, 594
1092, 0, 455, 472, 198, 23, 33.11%, 0, 0, 5, 841.97, 726875, 594
1097, 0, 455, 472, 198, 23, 33.11%, 0, 0, 5, 820.31, 730955, 594
1102, 0, 439, 472, 197, 22, 33.11%, 0, 0, 5, 861.39, 734924, 594
1107, 0, 439, 472, 197, 22, 33.11%, 0, 0, 5, 876.50, 739344, 594
1112, 0, 41, 472, 196, 21, 33.11%, 0, 0, 5, 865.00, 743391, 594
1117, 0, 41, 472, 196, 21, 33.11%, 0, 0, 5, 879.98, 747256, 594
1123, 0, 433, 472, 195, 20, 33.11%, 0, 0, 5, 901.97, 751943, 594
1128, 0, 433, 472, 195, 20, 33.11%, 0, 0, 5, 911.78, 755939, 594
1134, 0, 433, 472, 195, 20, 33.11%, 0, 0, 5, 4.09, 758429, 594
1139, 0, 418, 472, 194, 19, 33.11%, 0, 0, 5, 815.33, 762424, 594
1145, 0, 418, 472, 194, 19, 33.11%, 0, 0, 5, 100.07, 764414, 594
1150, 0, 424, 472, 193, 18, 33.11%, 0, 0, 5, 788.57, 768041, 594
1155, 0, 424, 472, 193, 18, 33.11%, 0, 0, 5, 803.08, 771589, 594
1160, 0, 417, 472, 192, 17, 33.11%, 0, 0, 5, 843.43, 775604, 594
1165, 0, 417, 472, 192, 17, 33.11%, 0, 0, 5, 825.76, 778980, 594
1170, 0, 417, 472, 192, 17, 33.11%, 0, 0, 5, 781.39, 782714, 594
1175, 0, 468, 472, 191, 16, 33.11%, 0, 0, 5, 952.96, 787076, 594
1180, 0, 468, 472, 191, 16, 33.11%, 0, 0, 5, 839.42, 791174, 594
1185, 0, 471, 472, 190, 15, 33.11%, 0, 0, 5, 730.82, 794589, 594
1191, 0, 471, 472, 190, 15, 33.11%, 0, 0, 5, 721.50, 798201, 594
1196, 0, 471, 472, 190, 15, 33.11%, 0, 0, 5, 725.66, 801869, 594
1201, 0, 471, 472, 190, 15, 33.11%, 0, 0, 5, 748.25, 805537, 594
1206, 0, 471, 472, 190, 15, 33.11%, 0, 0, 5, 25.56, 807936, 594
1211, 0, 471, 472, 190, 15, 33.11%, 0, 0, 5, 635.85, 811699, 594
1217, 0, 471, 472, 190, 15, 33.11%, 0, 0, 5, 697.43, 815221, 594
1222, 0, 471, 472, 190, 15, 33.11%, 0, 0, 5, 698.95, 818718, 594
1227, 0, 471, 472, 190, 15, 33.11%, 0, 0, 5, 703.31, 822239, 594
1232, 0, 398, 472, 189, 14, 33.11%, 0, 0, 5, 693.42, 825742, 594
1237, 0, 398, 473, 190, 14, 33.17%, 0, 0, 5, 735.40, 829600, 595
1242, 0, 398, 473, 190, 14, 33.17%, 0, 0, 5, 704.14, 833044, 595
1247, 0, 382, 473, 189, 14, 33.17%, 0, 0, 5, 745.16, 836784, 595
1252, 0, 399, 473, 188, 13, 33.17%, 0, 0, 5, 888.45, 841312, 595
1257, 0, 399, 474, 189, 13, 33.22%, 0, 0, 5, 795.00, 845425, 596
1262, 0, 399, 474, 189, 13, 33.22%, 0, 0, 5, 773.18, 849289, 596
1267, 0, 473, 475, 189, 13, 33.28%, 0, 0, 5, 755.80, 853087, 597
1272, 0, 473, 475, 189, 13, 33.28%, 0, 0, 5, 796.17, 856957, 597
1278, 0, 454, 475, 188, 13, 33.28%, 0, 0, 5, 789.70, 861064, 597
1283, 0, 454, 475, 188, 13, 33.28%, 0, 0, 5, 802.79, 865107, 597
1288, 0, 472, 475, 187, 12, 33.28%, 0, 0, 5, 777.47, 869039, 597
1293, 0, 472, 475, 187, 12, 33.28%, 0, 0, 5, 741.12, 872769, 597
1298, 0, 423, 475, 186, 11, 33.28%, 0, 0, 5, 730.22, 876340, 597
1303, 0, 423, 475, 186, 11, 33.28%, 0, 0, 5, 714.04, 879994, 597
1308, 0, 426, 475, 185, 10, 33.28%, 0, 0, 5, 695.87, 883650, 597
1313, 0, 426, 475, 185, 10, 33.28%, 0, 0, 5, 783.03, 887446, 597
1319, 0, 426, 475, 185, 10, 33.28%, 0, 0, 5, 664.75, 890553, 597
1324, 0, 446, 475, 185, 10, 33.28%, 0, 0, 5, 899.61, 893722, 597
1329, 0, 446, 475, 185, 10, 33.28%, 0, 0, 5, 724.56, 897238, 597
1334, 0, 370, 475, 184, 9, 33.28%, 0, 0, 5, 775.81, 900825, 597
1339, 0, 370, 475, 184, 9, 33.28%, 0, 0, 5, 811.87, 904960, 597
1344, 0, 474, 475, 184, 9, 33.28%, 0, 0, 5, 803.45, 909048, 597
1349, 0, 474, 475, 184, 9, 33.28%, 0, 0, 5, 795.39, 913030, 597
1354, 0, 429, 475, 183, 8, 33.28%, 0, 0, 5, 770.96, 916922, 597
1359, 0, 429, 475, 183, 8, 33.28%, 0, 0, 5, 768.70, 920867, 597
1364, 0, 140, 476, 183, 7, 33.28%, 0, 0, 5, 746.44, 924628, 597
1370, 0, 140, 476, 183, 7, 33.28%, 0, 0, 5, 751.76, 928552, 597
1375, 0, 369, 477, 183, 7, 33.28%, 0, 0, 5, 699.75, 932030, 597
1380, 0, 369, 477, 183, 7, 33.28%, 0, 0, 5, 691.92, 935500, 597
1385, 0, 369, 477, 183, 7, 33.28%, 0, 0, 5, 683.64, 938906, 597
1390, 0, 170, 477, 183, 7, 33.28%, 0, 0, 5, 858.46, 943479, 597
1395, 0, 170, 477, 183, 7, 33.28%, 0, 0, 5, 852.64, 947899, 597
1400, 0, 368, 478, 183, 6, 33.28%, 0, 0, 5, 570.65, 950647, 597
1405, 0, 368, 478, 183, 6, 33.28%, 0, 0, 5, 552.47, 953227, 597
1411, 0, 368, 478, 183, 6, 33.28%, 0, 0, 5, 580.49, 956026, 597
1416, 0, 369, 478, 182, 6, 33.28%, 0, 0, 5, 809.34, 960254, 597
1421, 0, 477, 478, 182, 6, 33.28%, 0, 0, 5, 93.22, 964552, 597
1426, 0, 477, 479, 183, 6, 33.28%, 0, 0, 5, 600.48, 967512, 597
1431, 0, 477, 479, 183, 6, 33.28%, 0, 0, 5, 658.01, 971023, 597
1436, 0, 375, 479, 182, 5, 33.28%, 0, 0, 5, 713.89, 974321, 597
1441, 0, 375, 479, 182, 5, 33.28%, 0, 0, 5, 809.21, 977887, 597
1446, 0, 375, 479, 182, 5, 33.28%, 0, 0, 5, 805.03, 981775, 597
1451, 0, 375, 479, 182, 5, 33.28%, 0, 0, 5, 760.95, 985594, 597
1457, 0, 473, 479, 182, 5, 33.28%, 0, 0, 5, 804.14, 989706, 597
1462, 0, 473, 479, 182, 5, 33.28%, 0, 0, 5, 897.87, 994285, 597
1467, 0, 459, 479, 182, 5, 33.28%, 0, 0, 5, 850.24, 998644, 597
1472, 0, 459, 479, 182, 5, 33.28%, 0, 0, 5, 900.39, 1003195, 597
1477, 0, 473, 479, 181, 4, 33.28%, 0, 0, 5, 941.63, 1008202, 597
1482, 0, 473, 479, 181, 4, 33.28%, 0, 0, 5, 906.71, 1012846, 597
1487, 0, 468, 479, 181, 4, 33.28%, 0, 0, 5, 891.56, 1017488, 597
1493, 0, 468, 479, 181, 4, 33.28%, 0, 0, 5, 857.78, 1021823, 597
1498, 0, 369, 479, 181, 4, 33.28%, 0, 0, 5, 900.55, 1026494, 597
1503, 0, 470, 479, 181, 4, 33.28%, 0, 0, 5, 914.45, 1031266, 597
1508, 0, 470, 479, 181, 4, 33.28%, 0, 0, 5, 817.07, 1034788, 597
1513, 0, 473, 479, 181, 4, 33.28%, 0, 0, 5, 825.99, 1038820, 597
1518, 0, 473, 479, 181, 4, 33.28%, 0, 0, 5, 877.35, 1043356, 597
1523, 0, 408, 479, 181, 4, 33.28%, 0, 0, 5, 846.75, 1047652, 597
1528, 0, 408, 479, 181, 4, 33.28%, 0, 0, 5, 976.43, 1052121, 597
1534, 0, 465, 480, 182, 4, 33.28%, 0, 0, 5, 6.49, 1054757, 597
1539, 0, 465, 480, 182, 4, 33.28%, 0, 0, 5, 98.45, 1055081, 597
1544, 0, 465, 481, 183, 4, 33.44%, 0, 0, 5, 131.54, 1055769, 600
1549, 0, 465, 481, 183, 4, 33.44%, 0, 0, 5, 141.92, 1056451, 600
1554, 0, 465, 481, 183, 4, 33.44%, 0, 0, 5, 142.22, 1057189, 600
1559, 0, 465, 481, 183, 4, 33.44%, 0, 0, 5, 141.20, 1057857, 600
1564, 0, 465, 481, 183, 4, 33.44%, 0, 0, 5, 134.18, 1058535, 600
1570, 0, 465, 481, 183, 4, 33.44%, 0, 0, 5, 120.14, 1059139, 600
1575, 0, 465, 481, 183, 4, 33.44%, 0, 0, 5, 137.55, 1059733, 600
1580, 0, 465, 481, 183, 4, 33.44%, 0, 0, 5, 125.58, 1060331, 600
1586, 0, 465, 481, 183, 4, 33.44%, 0, 0, 5, 0.32, 1060395, 600
1593, 0, 465, 481, 183, 4, 33.44%, 0, 0, 5, 4.13, 1060445, 600
1598, 0, 465, 481, 183, 4, 33.44%, 0, 0, 5, 5.73, 1060484, 600
1603, 0, 465, 481, 183, 4, 33.44%, 0, 0, 5, 5.26, 1060718, 600
1608, 0, 465, 481, 183, 4, 33.44%, 0, 0, 5, 11.80, 1060882, 600
1613, 0, 465, 481, 183, 4, 33.44%, 0, 0, 5, 123.46, 1061101, 600
1618, 0, 465, 481, 183, 4, 33.44%, 0, 0, 5, 137.75, 1061761, 600
1623, 0, 465, 481, 183, 4, 33.44%, 0, 0, 5, 135.55, 1062431, 600
1628, 0, 465, 481, 183, 4, 33.44%, 0, 0, 5, 140.74, 1063155, 600
1633, 0, 465, 481, 183, 4, 33.44%, 0, 0, 5, 141.24, 1063845, 600
1639, 0, 465, 481, 183, 4, 33.44%, 0, 0, 5, 2.82, 1064425, 600
1644, 0, 465, 481, 183, 4, 33.44%, 0, 0, 5, 122.30, 1065083, 600
1649, 0, 465, 481, 183, 4, 33.44%, 0, 0, 5, 136.33, 1065803, 600
1654, 0, 465, 481, 183, 4, 33.44%, 0, 0, 5, 133.30, 1066479, 600
1659, 0, 465, 481, 183, 4, 33.44%, 0, 0, 5, 136.77, 1067031, 600
1664, 0, 465, 481, 183, 4, 33.44%, 0, 0, 5, 133.63, 1067707, 600
1669, 0, 465, 481, 183, 4, 33.44%, 0, 0, 5, 122.95, 1068309, 600
1674, 0, 465, 481, 183, 4, 33.44%, 0, 0, 5, 128.48, 1068941, 600
1680, 0, 465, 481, 183, 4, 33.44%, 0, 0, 5, 132.86, 1069617, 600
1685, 0, 465, 481, 183, 4, 33.44%, 0, 0, 5, 135.15, 1070295, 600
1690, 0, 465, 481, 183, 4, 33.44%, 0, 0, 5, 128.82, 1070927, 600
1696, 0, 465, 481, 183, 4, 33.44%, 0, 0, 5, 9.07, 1071235, 600
1701, 0, 465, 481, 183, 4, 33.44%, 0, 0, 5, 8.99, 1071275, 600
1706, 0, 465, 481, 183, 4, 33.44%, 0, 0, 5, 127.34, 1071971, 600
1711, 0, 465, 481, 183, 4, 33.44%, 0, 0, 5, 126.52, 1072569, 600
1716, 0, 465, 481, 183, 4, 33.44%, 0, 0, 5, 122.92, 1073155, 600
1721, 0, 465, 481, 183, 4, 33.44%, 0, 0, 5, 132.09, 1073857, 600
1726, 0, 465, 481, 183, 4, 33.44%, 0, 0, 5, 133.11, 1074531, 600
1731, 0, 465, 481, 183, 4, 33.44%, 0, 0, 5, 132.67, 1075189, 600
1737, 0, 465, 481, 183, 4, 33.44%, 0, 0, 5, 142.16, 1075927, 600
1742, 0, 465, 481, 183, 4, 33.44%, 0, 0, 5, 133.62, 1076645, 600
1747, 0, 465, 481, 183, 4, 33.44%, 0, 0, 5, 116.88, 1077041, 600
1752, 0, 465, 481, 183, 4, 33.44%, 0, 0, 5, 129.51, 1077711, 600
1757, 0, 465, 481, 183, 4, 33.44%, 0, 0, 5, 109.81, 1078151, 600
1763, 0, 465, 481, 183, 4, 33.44%, 0, 0, 5, 127.85, 1078807, 600
1768, 0, 473, 481, 182, 5, 33.44%, 0, 0, 5, 366.73, 1080397, 600
1773, 0, 473, 481, 182, 5, 33.44%, 0, 0, 5, 705.74, 1084491, 600
1778, 0, 473, 481, 182, 5, 33.44%, 0, 0, 5, 787.59, 1088671, 600
1783, 0, 473, 481, 182, 5, 33.44%, 0, 0, 5, 794.66, 1092661, 600
1788, 0, 473, 481, 182, 5, 33.44%, 0, 0, 5, 816.64, 1096319, 600
1793, 0, 473, 481, 182, 5, 33.44%, 0, 0, 5, 825.71, 1100495, 600
1799, 0, 473, 481, 182, 5, 33.44%, 0, 0, 5, 768.88, 1103806, 600
1804, 0, 473, 481, 182, 5, 33.44%, 0, 0, 5, 807.35, 1107855, 600
1809, 0, 473, 481, 182, 5, 33.44%, 0, 0, 5, 775.44, 1111597, 600
1814, 0, 473, 481, 182, 5, 33.44%, 0, 0, 5, 802.83, 1115695, 600
1819, 0, 473, 481, 182, 5, 33.44%, 0, 0, 5, 816.99, 1119871, 600
1824, 0, 473, 481, 182, 5, 33.44%, 0, 0, 5, 823.13, 1124031, 600
1829, 0, 473, 481, 182, 5, 33.44%, 0, 0, 5, 808.42, 1128095, 600
1834, 0, 479, 483, 184, 5, 33.44%, 0, 0, 5, 80.06, 1128735, 600
1840, 0, 479, 483, 184, 5, 33.44%, 0, 0, 5, 120.65, 1129412, 600
1845, 0, 479, 483, 184, 5, 33.44%, 0, 0, 5, 141.15, 1130120, 600
1850, 0, 479, 483, 184, 5, 33.44%, 0, 0, 5, 144.67, 1130870, 600
1855, 0, 479, 483, 184, 5, 33.44%, 0, 0, 5, 145.78, 1131608, 600
1860, 0, 479, 483, 184, 5, 33.44%, 0, 0, 5, 134.80, 1132278, 600
1865, 0, 479, 483, 184, 5, 33.44%, 0, 0, 5, 141.49, 1132990, 600
1871, 0, 479, 483, 184, 5, 33.44%, 0, 0, 5, 142.20, 1133626, 600
1876, 0, 479, 483, 184, 5, 33.44%, 0, 0, 5, 141.92, 1134328, 600
1881, 0, 479, 483, 184, 5, 33.44%, 0, 0, 5, 147.07, 1135098, 600
1886, 0, 479, 483, 184, 5, 33.44%, 0, 0, 5, 146.91, 1135812, 600
1891, 0, 479, 483, 184, 5, 33.44%, 0, 0, 5, 142.62, 1136498, 600
1896, 0, 479, 483, 184, 5, 33.44%, 0, 0, 5, 153.26, 1137309, 600
1902, 0, 479, 483, 184, 5, 33.44%, 0, 0, 5, 149.66, 1138012, 600
1907, 0, 479, 483, 184, 5, 33.44%, 0, 0, 5, 1.85, 1138326, 600
1912, 0, 479, 483, 184, 5, 33.44%, 0, 0, 5, 24.69, 1138541, 600
1917, 0, 479, 483, 184, 5, 33.44%, 0, 0, 5, 147.70, 1139070, 600
1923, 0, 479, 483, 184, 5, 33.44%, 0, 0, 5, 131.55, 1139744, 600
1928, 0, 479, 483, 184, 5, 33.44%, 0, 0, 5, 126.77, 1140392, 600
1933, 0, 479, 483, 184, 5, 33.44%, 0, 0, 5, 123.65, 1140982, 600
1938, 0, 479, 483, 184, 5, 33.44%, 0, 0, 5, 121.75, 1141574, 600
1943, 0, 479, 483, 184, 5, 33.44%, 0, 0, 5, 132.31, 1142274, 600
1948, 0, 479, 483, 184, 5, 33.44%, 0, 0, 5, 140.12, 1143016, 600
1953, 0, 479, 483, 184, 5, 33.44%, 0, 0, 5, 137.44, 1143732, 600
1959, 0, 479, 483, 184, 5, 33.44%, 0, 0, 5, 133.92, 1144418, 600
1964, 0, 479, 483, 184, 5, 33.44%, 0, 0, 5, 140.69, 1145156, 600
1969, 0, 479, 483, 184, 5, 33.44%, 0, 0, 5, 139.82, 1145876, 600
1974, 0, 479, 483, 184, 5, 33.44%, 0, 0, 5, 149.27, 1146646, 600
1979, 0, 479, 483, 184, 5, 33.44%, 0, 0, 5, 142.20, 1147370, 600
1984, 0, 479, 484, 185, 5, 33.44%, 0, 0, 5, 139.29, 1148044, 600
1989, 0, 479, 484, 185, 5, 33.44%, 0, 0, 5, 140.90, 1148734, 600
1995, 0, 479, 484, 185, 5, 33.44%, 0, 0, 5, 144.24, 1149492, 600
2000, 0, 479, 484, 185, 5, 33.44%, 0, 0, 5, 139.46, 1150146, 600
2005, 0, 479, 484, 185, 5, 33.44%, 0, 0, 5, 142.89, 1150894, 600
2010, 0, 479, 484, 185, 5, 33.44%, 0, 0, 5, 151.15, 1151510, 600
2015, 0, 479, 484, 185, 5, 33.44%, 0, 0, 5, 150.02, 1152198, 600
2020, 0, 479, 484, 185, 5, 33.44%, 0, 0, 5, 150.78, 1152950, 600
2025, 0, 479, 484, 185, 5, 33.44%, 0, 0, 5, 155.26, 1153679, 600
2030, 0, 479, 484, 185, 5, 33.44%, 0, 0, 5, 147.24, 1154406, 600
2035, 0, 479, 484, 185, 5, 33.44%, 0, 0, 5, 148.72, 1155142, 600
2040, 0, 479, 484, 185, 5, 33.44%, 0, 0, 5, 21.03, 1155457, 600
2045, 0, 479, 484, 185, 5, 33.44%, 0, 0, 5, 122.20, 1155828, 600
2051, 0, 479, 484, 185, 5, 33.44%, 0, 0, 5, 3.11, 1155872, 600
2056, 0, 479, 484, 185, 5, 33.44%, 0, 0, 5, 10.04, 1155997, 600
2061, 0, 479, 484, 185, 5, 33.44%, 0, 0, 5, 146.82, 1156666, 600
2067, 0, 479, 484, 185, 5, 33.44%, 0, 0, 5, 134.64, 1157262, 600
2072, 0, 479, 484, 185, 5, 33.44%, 0, 0, 5, 149.88, 1158044, 600
2077, 0, 479, 484, 185, 5, 33.44%, 0, 0, 5, 145.91, 1158746, 600
2082, 0, 479, 484, 185, 5, 33.44%, 0, 0, 5, 113.19, 1159374, 600
2087, 0, 479, 484, 185, 5, 33.44%, 0, 0, 5, 157.87, 1159847, 600
2092, 0, 479, 484, 185, 5, 33.44%, 0, 0, 5, 148.51, 1160324, 600
2097, 0, 479, 484, 185, 5, 33.44%, 0, 0, 5, 117.72, 1160744, 600
2102, 0, 369, 484, 184, 5, 33.44%, 0, 0, 5, 1053.23, 1162693, 600
2107, 0, 369, 484, 184, 5, 33.44%, 0, 0, 5, 1017.69, 1167706, 600
2112, 0, 481, 484, 184, 5, 33.44%, 0, 0, 5, 102.89, 1169697, 600
2118, 0, 481, 484, 184, 5, 33.44%, 0, 0, 5, 141.78, 1170481, 600
2123, 0, 481, 484, 184, 5, 33.44%, 0, 0, 5, 151.50, 1171254, 600
2128, 0, 481, 484, 184, 5, 33.44%, 0, 0, 5, 150.05, 1172009, 600
2133, 0, 481, 484, 184, 5, 33.44%, 0, 0, 5, 151.27, 1172766, 600
2138, 0, 481, 484, 184, 5, 33.44%, 0, 0, 5, 27.16, 1173375, 600
2143, 0, 481, 484, 184, 5, 33.44%, 0, 0, 5, 146.89, 1174025, 600
2148, 0, 481, 484, 184, 5, 33.44%, 0, 0, 5, 142.41, 1174729, 600
2153, 0, 481, 484, 184, 5, 33.44%, 0, 0, 5, 145.47, 1175473, 600
2159, 0, 481, 484, 184, 5, 33.44%, 0, 0, 5, 145.77, 1176183, 600
2164, 0, 481, 484, 184, 5, 33.44%, 0, 0, 5, 144.55, 1176923, 600
2169, 0, 481, 484, 184, 5, 33.44%, 0, 0, 5, 146.84, 1177657, 600
2174, 0, 481, 484, 184, 5, 33.44%, 0, 0, 5, 150.84, 1178415, 600
2179, 0, 481, 484, 184, 5, 33.44%, 0, 0, 5, 154.59, 1179171, 600
2184, 0, 481, 484, 184, 5, 33.44%, 0, 0, 5, 147.09, 1179925, 600
2189, 0, 481, 484, 184, 5, 33.44%, 0, 0, 5, 139.52, 1180549, 600
2194, 0, 481, 484, 184, 5, 33.44%, 0, 0, 5, 141.20, 1181283, 600
2199, 0, 481, 484, 184, 5, 33.44%, 0, 0, 5, 133.48, 1181879, 600
2204, 0, 481, 484, 184, 5, 33.44%, 0, 0, 5, 23.81, 1182589, 600
2209, 0, 481, 484, 184, 5, 33.44%, 0, 0, 5, 4.38, 1182635, 600
2215, 0, 481, 484, 184, 5, 33.44%, 0, 0, 5, 34.32, 1182868, 600
2220, 0, 481, 484, 184, 5, 33.44%, 0, 0, 5, 43.40, 1182973, 600
2225, 0, 481, 484, 184, 5, 33.44%, 0, 0, 5, 6.58, 1183078, 600
2230, 0, 481, 484, 184, 5, 33.44%, 0, 0, 5, 76.39, 1183141, 600
2235, 0, 481, 484, 184, 5, 33.44%, 0, 0, 5, 107.22, 1183585, 600
2240, 0, 481, 484, 184, 5, 33.44%, 0, 0, 5, 97.69, 1184096, 600
2245, 0, 481, 484, 184, 5, 33.44%, 0, 0, 5, 80.57, 1184303, 600
2250, 0, 481, 484, 184, 5, 33.44%, 0, 0, 5, 130.11, 1185031, 600
2255, 0, 481, 484, 184, 5, 33.44%, 0, 0, 5, 140.10, 1185753, 600
2261, 0, 481, 484, 184, 5, 33.44%, 0, 0, 5, 144.34, 1186429, 600
2266, 0, 481, 484, 184, 5, 33.44%, 0, 0, 5, 135.44, 1187135, 600
2271, 0, 481, 484, 184, 5, 33.44%, 0, 0, 5, 148.42, 1187817, 600
2276, 0, 481, 484, 184, 5, 33.44%, 0, 0, 5, 5.61, 1188229, 600
2281, 0, 481, 484, 184, 5, 33.44%, 0, 0, 5, 39.64, 1188335, 600
2286, 0, 481, 484, 184, 5, 33.44%, 0, 0, 5, 120.34, 1189013, 600
2291, 0, 481, 484, 184, 5, 33.44%, 0, 0, 5, 138.59, 1189611, 600
2297, 0, 481, 484, 184, 5, 33.44%, 0, 0, 5, 132.82, 1190185, 600
2302, 0, 481, 484, 184, 5, 33.44%, 0, 0, 5, 25.62, 1190752, 600
2307, 0, 481, 484, 184, 5, 33.44%, 0, 0, 5, 117.40, 1191361, 600
2312, 0, 481, 484, 184, 5, 33.44%, 0, 0, 5, 141.52, 1192113, 600
2317, 0, 481, 485, 185, 5, 33.44%, 0, 0, 5, 137.19, 1192729, 600
2322, 0, 481, 485, 185, 5, 33.44%, 0, 0, 5, 142.44, 1193469, 600
2327, 0, 473, 485, 184, 4, 33.44%, 0, 0, 5, 162.61, 1194207, 600
2332, 0, 473, 485, 184, 4, 33.44%, 0, 0, 5, 947.51, 1198925, 600
2337, 0, 473, 485, 184, 4, 33.44%, 0, 0, 5, 934.20, 1203677, 600
2342, 0, 473, 485, 184, 4, 33.44%, 0, 0, 5, 934.84, 1208375, 600
2347, 0, 473, 485, 184, 4, 33.44%, 0, 0, 5, 937.75, 1213091, 600
2352, 0, 473, 485, 184, 4, 33.44%, 0, 0, 5, 918.64, 1217699, 600
2357, 0, 369, 485, 184, 4, 33.44%, 0, 0, 5, 925.30, 1222367, 600
2362, 0, 369, 485, 184, 4, 33.44%, 0, 0, 5, 987.01, 1227284, 600
2368, 0, 369, 485, 184, 4, 33.44%, 0, 0, 5, 1024.89, 1232637, 600
2373, 0, 369, 485, 184, 4, 33.44%, 0, 0, 5, 967.09, 1237620, 600
2378, 0, 369, 485, 184, 4, 33.44%, 0, 0, 5, 961.04, 1242446, 600
2383, 0, 427, 485, 184, 4, 33.44%, 0, 0, 5, 932.58, 1247159, 600
2388, 0, 427, 485, 184, 4, 33.44%, 0, 0, 5, 904.04, 1251533, 600
2393, 0, 427, 485, 184, 4, 33.44%, 0, 0, 5, 862.19, 1255952, 600
2398, 0, 427, 485, 184, 4, 33.44%, 0, 0, 5, 817.06, 1260236, 600
2404, 0, 427, 485, 184, 4, 33.44%, 0, 0, 5, 886.17, 1264554, 600
2409, 0, 369, 485, 184, 4, 33.44%, 0, 0, 5, 842.49, 1268661, 600
2414, 0, 369, 485, 184, 4, 33.44%, 0, 0, 5, 861.96, 1272693, 600
2419, 0, 369, 485, 184, 4, 33.44%, 0, 0, 5, 968.77, 1277804, 600
2424, 0, 369, 485, 184, 4, 33.44%, 0, 0, 5, 1026.94, 1283009, 600
2429, 0, 369, 485, 184, 4, 33.44%, 0, 0, 5, 1073.71, 1288535, 600
2434, 0, 369, 492, 191, 4, 33.56%, 0, 0, 5, 19.80, 1292545, 602
2439, 0, 496, 508, 207, 12, 34.06%, 0, 0, 5, 749.64, 1296149, 611
2445, 0, 496, 508, 207, 12, 34.06%, 0, 0, 5, 768.16, 1299917, 611
2450, 0, 496, 508, 207, 12, 34.06%, 0, 0, 5, 776.65, 1303562, 611
2455, 0, 496, 508, 207, 12, 34.06%, 0, 0, 5, 778.61, 1307402, 611
2460, 0, 496, 508, 207, 12, 34.06%, 0, 0, 5, 751.82, 1311032, 611
2465, 0, 496, 508, 207, 12, 34.06%, 0, 0, 5, 746.25, 1314767, 611
2470, 0, 502, 508, 206, 11, 34.06%, 0, 0, 5, 966.03, 1318594, 611
2475, 0, 502, 508, 206, 11, 34.06%, 0, 0, 5, 946.57, 1323389, 611
2480, 0, 502, 508, 206, 11, 34.06%, 0, 0, 5, 921.27, 1328069, 611
2485, 0, 502, 508, 206, 11, 34.06%, 0, 0, 5, 913.27, 1332695, 611
2490, 0, 502, 508, 206, 11, 34.06%, 0, 0, 5, 905.63, 1337285, 611
2495, 0, 502, 508, 206, 11, 34.06%, 0, 0, 5, 899.70, 1341788, 611
2500, 0, 486, 508, 205, 10, 34.06%, 0, 0, 5, 885.14, 1346096, 611
2505, 0, 486, 508, 205, 10, 34.06%, 0, 0, 5, 893.97, 1350635, 611
2511, 0, 486, 508, 205, 10, 34.06%, 0, 0, 5, 843.04, 1354028, 611
2516, 0, 486, 508, 205, 10, 34.06%, 0, 0, 5, 862.10, 1358438, 611
2521, 0, 486, 508, 205, 10, 34.06%, 0, 0, 5, 885.34, 1362892, 611
2526, 0, 431, 508, 204, 9, 34.06%, 0, 0, 5, 890.98, 1367068, 611
2531, 0, 431, 508, 204, 9, 34.06%, 0, 0, 5, 849.08, 1371420, 611
2536, 0, 431, 508, 204, 9, 34.06%, 0, 0, 5, 870.51, 1375857, 611
2541, 0, 431, 508, 204, 9, 34.06%, 0, 0, 5, 783.49, 1379739, 611
2546, 0, 431, 508, 204, 9, 34.06%, 0, 0, 5, 768.05, 1383639, 611
2552, 0, 431, 508, 204, 9, 34.06%, 0, 0, 5, 16.18, 1384436, 611
2557, 0, 431, 508, 204, 9, 34.06%, 0, 0, 5, 733.35, 1387636, 611
2563, 0, 497, 508, 204, 9, 34.06%, 0, 0, 5, 106.47, 1391173, 611
2568, 0, 497, 508, 204, 9, 34.06%, 0, 0, 5, 665.65, 1394371, 611
2573, 0, 497, 509, 205, 9, 34.11%, 0, 0, 5, 663.86, 1397746, 612
2578, 0, 497, 509, 205, 9, 34.11%, 0, 0, 5, 684.10, 1401178, 612
2583, 0, 497, 509, 205, 9, 34.11%, 0, 0, 5, 684.03, 1404675, 612
2588, 0, 497, 509, 205, 9, 34.11%, 0, 0, 5, 681.32, 1408120, 612
2593, 0, 497, 509, 205, 9, 34.11%, 0, 0, 5, 681.49, 1411539, 612
2598, 0, 497, 509, 205, 9, 34.11%, 0, 0, 5, 687.25, 1415088, 612
2603, 0, 501, 509, 204, 9, 34.11%, 0, 0, 5, 744.48, 1418792, 612
2608, 0, 501, 509, 204, 9, 34.11%, 0, 0, 5, 777.57, 1422878, 612
2613, 0, 501, 509, 204, 9, 34.11%, 0, 0, 5, 768.19, 1426643, 612
2619, 0, 501, 509, 204, 9, 34.11%, 0, 0, 5, 762.83, 1430588, 612
2625, 0, 501, 509, 204, 9, 34.11%, 0, 0, 5, 53.13, 1433940, 612
2630, 0, 501, 509, 204, 9, 34.11%, 0, 0, 5, 713.47, 1437468, 612
2635, 0, 506, 509, 203, 8, 34.11%, 0, 0, 5, 735.41, 1440871, 612
2640, 0, 506, 510, 204, 8, 34.11%, 0, 0, 5, 634.45, 1443873, 612
2646, 0, 506, 510, 204, 8, 34.11%, 0, 0, 5, 641.38, 1447188, 612
2651, 0, 506, 510, 204, 8, 34.11%, 0, 0, 5, 730.00, 1447530, 612
2656, 0, 506, 510, 204, 8, 34.11%, 0, 0, 5, 697.26, 1451183, 612
2661, 0, 506, 510, 204, 8, 34.11%, 0, 0, 5, 726.10, 1454879, 612
2666, 0, 506, 510, 204, 8, 34.11%, 0, 0, 5, 709.50, 1458365, 612
2671, 0, 506, 510, 204, 8, 34.11%, 0, 0, 5, 747.11, 1462243, 612
2676, 0, 506, 510, 204, 8, 34.11%, 0, 0, 5, 733.94, 1465995, 612
2681, 0, 506, 510, 204, 8, 34.11%, 0, 0, 5, 119.66, 1469313, 612
2686, 0, 506, 510, 204, 8, 34.11%, 0, 0, 5, 725.41, 1472729, 612
2691, 0, 473, 510, 203, 7, 34.11%, 0, 0, 5, 778.75, 1476607, 612
2697, 0, 473, 510, 203, 7, 34.11%, 0, 0, 5, 796.99, 1480732, 612
2702, 0, 507, 511, 204, 7, 34.17%, 0, 0, 5, 779.38, 1484698, 613
2707, 0, 507, 511, 204, 7, 34.17%, 0, 0, 5, 799.98, 1488493, 613
2712, 0, 510, 511, 203, 7, 34.17%, 0, 0, 5, 789.77, 1492451, 613
2717, 0, 510, 512, 204, 7, 34.23%, 0, 0, 5, 797.00, 1496584, 614
2722, 0, 511, 512, 203, 7, 34.23%, 0, 0, 5, 780.24, 1500527, 614
2727, 0, 511, 512, 203, 7, 34.23%, 0, 0, 5, 783.35, 1504442, 614
2732, 0, 439, 512, 202, 6, 34.23%, 0, 0, 5, 766.62, 1508284, 614
2737, 0, 439, 512, 202, 6, 34.23%, 0, 0, 5, 802.18, 1512518, 614
2742, 0, 263, 512, 202, 6, 34.23%, 0, 0, 5, 779.30, 1516463, 614
2747, 0, 263, 512, 202, 6, 34.23%, 0, 0, 5, 798.15, 1520513, 614
2752, 0, 409, 512, 201, 5, 34.23%, 0, 0, 5, 782.68, 1524475, 614
2758, 0, 409, 512, 201, 5, 34.23%, 0, 0, 5, 779.15, 1528435, 614
2763, 0, 473, 512, 201, 5, 34.23%, 0, 0, 5, 772.21, 1532352, 614
2768, 0, 473, 512, 201, 5, 34.23%, 0, 0, 5, 777.11, 1536282, 614
2773, 0, 508, 512, 201, 5, 34.23%, 0, 0, 5, 726.31, 1539927, 614
2778, 0, 508, 512, 201, 5, 34.23%, 0, 0, 5, 712.06, 1543511, 614
2783, 0, 508, 512, 201, 5, 34.23%, 0, 0, 5, 725.00, 1546913, 614
2788, 0, 286, 512, 200, 4, 34.23%, 0, 0, 5, 697.65, 1550197, 614
2793, 0, 286, 512, 200, 4, 34.23%, 0, 0, 5, 763.28, 1554084, 614
2798, 0, 286, 512, 200, 4, 34.23%, 0, 0, 5, 776.85, 1558044, 614
2804, 0, 286, 512, 200, 4, 34.23%, 0, 0, 5, 788.94, 1562169, 614
2809, 0, 286, 512, 200, 4, 34.23%, 0, 0, 5, 791.37, 1566264, 614
2814, 0, 286, 512, 200, 4, 34.23%, 0, 0, 5, 811.19, 1570344, 614
2819, 0, 473, 512, 199, 4, 34.23%, 0, 0, 5, 804.02, 1574248, 614
2824, 0, 473, 512, 199, 4, 34.23%, 0, 0, 5, 780.04, 1578045, 614
2829, 0, 473, 512, 199, 4, 34.23%, 0, 0, 5, 795.45, 1582050, 614
2834, 0, 473, 512, 199, 4, 34.23%, 0, 0, 5, 820.58, 1586216, 614
2839, 0, 473, 512, 199, 4, 34.23%, 0, 0, 5, 828.03, 1590424, 614
2844, 0, 473, 512, 199, 4, 34.23%, 0, 0, 5, 811.54, 1594472, 614
2849, 0, 505, 512, 199, 4, 34.23%, 0, 0, 5, 816.40, 1598653, 614
2854, 0, 505, 512, 199, 4, 34.23%, 0, 0, 5, 785.18, 1602732, 614
2860, 0, 505, 512, 199, 4, 34.23%, 0, 0, 5, 791.49, 1606857, 614
2865, 0, 505, 512, 199, 4, 34.23%, 0, 0, 5, 770.31, 1610712, 614
2870, 0, 505, 512, 199, 4, 34.23%, 0, 0, 5, 727.48, 1614227, 614
2875, 0, 505, 512, 199, 4, 34.23%, 0, 0, 5, 770.79, 1618197, 614
2880, 0, 473, 512, 198, 3, 34.23%, 0, 0, 5, 767.80, 1622013, 614
2885, 0, 473, 512, 198, 3, 34.23%, 0, 0, 5, 802.98, 1626189, 614
2890, 0, 473, 512, 198, 3, 34.23%, 0, 0, 5, 799.51, 1630285, 614
2895, 0, 473, 512, 198, 3, 34.23%, 0, 0, 5, 813.93, 1634365, 614
2900, 0, 473, 512, 198, 3, 34.23%, 0, 0, 5, 807.65, 1638445, 614
2905, 0, 473, 512, 198, 3, 34.23%, 0, 0, 5, 809.54, 1642589, 614
2910, 0, 369, 512, 198, 3, 34.23%, 0, 0, 5, 773.82, 1646109, 614
2915, 0, 369, 512, 198, 3, 34.23%, 0, 0, 5, 791.94, 1650159, 614
2920, 0, 369, 512, 198, 3, 34.23%, 0, 0, 5, 782.10, 1653594, 614
2926, 0, 369, 512, 198, 3, 34.23%, 0, 0, 5, 798.14, 1657584, 614
2931, 0, 369, 512, 198, 3, 34.23%, 0, 0, 5, 796.22, 1661604, 614
2936, 0, 369, 512, 198, 3, 34.23%, 0, 0, 5, 747.30, 1665213, 614
2941, 0, 369, 512, 198, 3, 34.23%, 0, 0, 5, 767.56, 1669104, 614
2946, 0, 473, 512, 198, 3, 34.23%, 0, 0, 5, 752.99, 1672779, 614
2951, 0, 473, 512, 198, 3, 34.23%, 0, 0, 5, 798.17, 1676730, 614
2956, 0, 473, 512, 198, 3, 34.23%, 0, 0, 5, 818.42, 1680909, 614
2961, 0, 473, 512, 198, 3, 34.23%, 0, 0, 5, 836.33, 1685117, 614
2966, 0, 473, 512, 198, 3, 34.23%, 0, 0, 5, 813.66, 1689389, 614
2971, 0, 473, 512, 198, 3, 34.23%, 0, 0, 5, 769.86, 1693245, 614
2976, 0, 405, 512, 198, 3, 34.23%, 0, 0, 5, 798.76, 1697271, 614
2981, 0, 405, 512, 198, 3, 34.23%, 0, 0, 5, 827.00, 1701501, 614
2986, 0, 405, 512, 198, 3, 34.23%, 0, 0, 5, 820.24, 1705661, 614
2991, 0, 405, 512, 198, 3, 34.23%, 0, 0, 5, 805.15, 1709741, 614
2996, 0, 405, 512, 198, 3, 34.23%, 0, 0, 5, 800.46, 1713757, 614
3002, 0, 405, 512, 198, 3, 34.23%, 0, 0, 5, 799.92, 1717911, 614
3007, 0, 407, 512, 198, 3, 34.23%, 0, 0, 5, 783.90, 1721981, 614
3012, 0, 407, 512, 198, 3, 34.23%, 0, 0, 5, 749.96, 1725613, 614
3017, 0, 407, 512, 198, 3, 34.23%, 0, 0, 5, 797.61, 1729782, 614
3022, 0, 407, 512, 198, 3, 34.23%, 0, 0, 5, 790.33, 1733232, 614
3028, 0, 407, 512, 198, 3, 34.23%, 0, 0, 5, 796.41, 1737327, 614
3033, 0, 407, 512, 198, 3, 34.23%, 0, 0, 5, 807.65, 1741389, 614
3038, 0, 473, 512, 198, 3, 34.23%, 0, 0, 5, 821.33, 1745533, 614
3043, 0, 473, 512, 198, 3, 34.23%, 0, 0, 5, 830.26, 1749741, 614
3048, 0, 473, 512, 198, 3, 34.23%, 0, 0, 5, 795.79, 1753548, 614
3053, 0, 473, 512, 198, 3, 34.23%, 0, 0, 5, 784.16, 1757501, 614
3058, 0, 473, 512, 198, 3, 34.23%, 0, 0, 5, 797.03, 1761003, 614
3063, 0, 473, 512, 198, 3, 34.23%, 0, 0, 5, 825.34, 1765197, 614
3068, 0, 472, 512, 198, 3, 34.23%, 0, 0, 5, 796.02, 1769181, 614
3073, 0, 472, 512, 198, 3, 34.23%, 0, 0, 5, 815.08, 1772877, 614
3078, 0, 472, 512, 198, 3, 34.23%, 0, 0, 5, 774.37, 1776654, 614
3083, 0, 472, 512, 198, 3, 34.23%, 0, 0, 5, 823.94, 1778733, 614
3089, 0, 472, 512, 198, 3, 34.23%, 0, 0, 5, 823.25, 1782717, 614
3094, 0, 472, 512, 198, 3, 34.23%, 0, 0, 5, 805.40, 1786765, 614
3099, 0, 472, 512, 198, 3, 34.23%, 0, 0, 5, 826.63, 1790973, 614
3104, 0, 392, 512, 198, 3, 34.23%, 0, 0, 5, 820.49, 1794989, 614
3109, 0, 392, 512, 198, 3, 34.23%, 0, 0, 5, 827.00, 1799021, 614
3114, 0, 392, 512, 198, 3, 34.23%, 0, 0, 5, 812.50, 1802957, 614
3119, 0, 392, 512, 198, 3, 34.23%, 0, 0, 5, 840.00, 1806827, 614
3124, 0, 392, 512, 198, 3, 34.23%, 0, 0, 5, 784.10, 1810305, 614
3129, 0, 392, 512, 198, 3, 34.23%, 0, 0, 5, 823.83, 1814557, 614
3134, 0, 416, 512, 198, 3, 34.23%, 0, 0, 5, 807.80, 1818637, 614
3139, 0, 416, 512, 198, 3, 34.23%, 0, 0, 5, 801.94, 1822653, 614
3144, 0, 416, 512, 198, 3, 34.23%, 0, 0, 5, 809.31, 1826813, 614
3149, 0, 416, 512, 198, 3, 34.23%, 0, 0, 5, 763.05, 1830681, 614
3155, 0, 416, 512, 198, 3, 34.23%, 0, 0, 5, 784.20, 1834806, 614
3160, 0, 416, 512, 198, 3, 34.23%, 0, 0, 5, 758.53, 1838466, 614
3165, 0, 149, 512, 198, 3, 34.23%, 0, 0, 5, 789.34, 1842507, 614
3170, 0, 149, 512, 198, 3, 34.23%, 0, 0, 5, 763.62, 1845627, 614
3175, 0, 149, 512, 198, 3, 34.23%, 0, 0, 5, 797.18, 1849752, 614
3180, 0, 149, 512, 198, 3, 34.23%, 0, 0, 5, 742.56, 1853197, 614
3185, 0, 149, 512, 198, 3, 34.23%, 0, 0, 5, 720.56, 1856823, 614
3190, 0, 149, 512, 198, 3, 34.23%, 0, 0, 5, 793.90, 1860267, 614
3195, 0, 149, 512, 198, 3, 34.23%, 0, 0, 5, 762.56, 1864032, 614
3200, 0, 433, 512, 198, 3, 34.23%, 0, 0, 5, 760.35, 1867908, 614
3205, 0, 433, 512, 198, 3, 34.23%, 0, 0, 5, 752.08, 1871358, 614
3210, 0, 433, 512, 198, 3, 34.23%, 0, 0, 5, 773.49, 1875318, 614
3215, 0, 433, 512, 198, 3, 34.23%, 0, 0, 5, 770.97, 1878723, 614
3221, 0, 433, 512, 198, 3, 34.23%, 0, 0, 5, 716.82, 1882057, 614
3226, 0, 433, 512, 198, 3, 34.23%, 0, 0, 5, 764.18, 1885953, 614
3231, 0, 433, 512, 198, 3, 34.23%, 0, 0, 5, 773.67, 1889898, 614
3236, 0, 480, 512, 198, 3, 34.23%, 0, 0, 5, 109.46, 1891539, 614
3241, 0, 480, 512, 198, 3, 34.23%, 0, 0, 5, 110.43, 1892101, 614
3246, 0, 480, 512, 198, 3, 34.23%, 0, 0, 5, 111.12, 1892675, 614
3252, 0, 480, 512, 198, 3, 34.23%, 0, 0, 5, 17.90, 1893002, 614
3257, 0, 480, 512, 198, 3, 34.23%, 0, 0, 5, 89.61, 1893118, 614
3262, 0, 480, 512, 198, 3, 34.23%, 0, 0, 5, 103.68, 1893627, 614
3267, 0, 480, 512, 198, 3, 34.23%, 0, 0, 5, 115.85, 1894169, 614
3272, 0, 480, 512, 198, 3, 34.23%, 0, 0, 5, 110.08, 1894685, 614
3277, 0, 480, 512, 198, 3, 34.23%, 0, 0, 5, 112.80, 1895263, 614
3282, 0, 480, 512, 198, 3, 34.23%, 0, 0, 5, 117.12, 1895851, 614
3287, 0, 480, 512, 198, 3, 34.23%, 0, 0, 5, 115.49, 1896433, 614
3292, 0, 480, 512, 198, 3, 34.23%, 0, 0, 5, 120.13, 1897045, 614
3297, 0, 480, 512, 198, 3, 34.23%, 0, 0, 5, 119.89, 1897667, 614
3302, 0, 480, 512, 198, 3, 34.23%, 0, 0, 5, 73.77, 1898203, 614
3307, 0, 480, 512, 198, 3, 34.23%, 0, 0, 5, 122.46, 1898743, 614
3312, 0, 480, 512, 198, 3, 34.23%, 0, 0, 5, 113.58, 1899313, 614
3317, 0, 480, 512, 198, 3, 34.23%, 0, 0, 5, 116.02, 1899901, 614
3323, 0, 480, 512, 198, 3, 34.23%, 0, 0, 5, 114.94, 1900469, 614
3328, 0, 480, 512, 198, 3, 34.23%, 0, 0, 5, 9.01, 1901029, 614
3333, 0, 480, 512, 198, 3, 34.23%, 0, 0, 5, 119.63, 1901631, 614
3338, 0, 480, 512, 198, 3, 34.23%, 0, 0, 5, 106.23, 1902137, 614
3343, 0, 480, 512, 198, 3, 34.23%, 0, 0, 5, 109.71, 1902647, 614
3348, 0, 480, 512, 198, 3, 34.23%, 0, 0, 5, 113.93, 1903223, 614
3353, 0, 480, 512, 198, 3, 34.23%, 0, 0, 5, 120.72, 1903711, 614
3358, 0, 480, 512, 198, 3, 34.23%, 0, 0, 5, 117.11, 1904301, 614
3363, 0, 480, 512, 198, 3, 34.23%, 0, 0, 5, 111.37, 1904731, 614
3368, 0, 480, 512, 198, 3, 34.23%, 0, 0, 5, 2.46, 1904881, 614
3374, 0, 480, 512, 198, 3, 34.23%, 0, 0, 5, 4.81, 1904911, 614
3379, 0, 480, 512, 198, 3, 34.23%, 0, 0, 5, 91.98, 1905067, 614
3384, 0, 480, 512, 198, 3, 34.23%, 0, 0, 5, 104.76, 1905621, 614
3389, 0, 480, 512, 198, 3, 34.23%, 0, 0, 5, 107.27, 1906169, 614
3394, 0, 480, 512, 198, 3, 34.23%, 0, 0, 5, 108.74, 1906703, 614
3399, 0, 480, 512, 198, 3, 34.23%, 0, 0, 5, 19.62, 1907207, 614
3404, 0, 480, 512, 198, 3, 34.23%, 0, 0, 5, 82.68, 1907647, 614
3409, 0, 480, 512, 198, 3, 34.23%, 0, 0, 5, 46.55, 1907753, 614
3414, 0, 480, 512, 198, 3, 34.23%, 0, 0, 5, 82.24, 1908143, 614
3420, 0, 480, 512, 198, 3, 34.23%, 0, 0, 5, 112.07, 1908633, 614
3425, 0, 480, 512, 198, 3, 34.23%, 0, 0, 5, 112.24, 1909201, 614
3430, 0, 480, 512, 198, 3, 34.23%, 0, 0, 5, 108.87, 1909723, 614
3435, 0, 480, 512, 198, 3, 34.23%, 0, 0, 5, 119.50, 1910265, 614
3440, 0, 480, 512, 198, 3, 34.23%, 0, 0, 5, 103.23, 1910765, 614
3445, 0, 480, 512, 198, 3, 34.23%, 0, 0, 5, 108.91, 1911205, 614
3450, 0, 480, 512, 198, 3, 34.23%, 0, 0, 5, 2.38, 1911495, 614
3455, 0, 480, 512, 198, 3, 34.23%, 0, 0, 5, 73.85, 1911680, 614
3460, 0, 480, 512, 198, 3, 34.23%, 0, 0, 5, 109.84, 1912281, 614
3465, 0, 480, 512, 198, 3, 34.23%, 0, 0, 5, 115.15, 1912861, 614
3470, 0, 480, 512, 198, 3, 34.23%, 0, 0, 5, 117.79, 1913467, 614
3475, 0, 480, 512, 198, 3, 34.23%, 0, 0, 5, 104.41, 1913963, 614
3480, 0, 480, 512, 198, 3, 34.23%, 0, 0, 5, 111.27, 1914549, 614
3486, 0, 480, 512, 198, 3, 34.23%, 0, 0, 5, 116.69, 1915141, 614
3491, 0, 480, 512, 198, 3, 34.23%, 0, 0, 5, 120.79, 1915743, 614
3496, 0, 480, 512, 198, 3, 34.23%, 0, 0, 5, 105.77, 1916217, 614
3501, 0, 480, 512, 198, 3, 34.23%, 0, 0, 5, 96.45, 1916604, 614
3506, 0, 480, 512, 198, 3, 34.23%, 0, 0, 5, 3.30, 1916639, 614
3511, 0, 480, 512, 198, 3, 34.23%, 0, 0, 5, 24.20, 1916691, 614
3516, 0, 480, 512, 198, 3, 34.23%, 0, 0, 5, 37.78, 1916875, 614
3521, 0, 480, 512, 198, 3, 34.23%, 0, 0, 5, 83.13, 1917239, 614
3527, 0, 480, 512, 198, 3, 34.23%, 0, 0, 5, 100.04, 1917772, 614
3532, 0, 480, 512, 198, 3, 34.23%, 0, 0, 5, 102.18, 1918203, 614
3537, 0, 480, 512, 198, 3, 34.23%, 0, 0, 5, 17.99, 1918469, 614
3542, 0, 480, 512, 198, 3, 34.23%, 0, 0, 5, 91.53, 1918884, 614
3547, 0, 480, 512, 198, 3, 34.23%, 0, 0, 5, 106.08, 1919435, 614
3552, 0, 480, 512, 198, 3, 34.23%, 0, 0, 5, 113.60, 1920021, 614
3557, 0, 480, 512, 198, 3, 34.23%, 0, 0, 5, 112.60, 1920571, 614
3563, 0, 480, 512, 198, 3, 34.23%, 0, 0, 5, 107.90, 1921143, 614
3568, 0, 480, 512, 198, 3, 34.23%, 0, 0, 5, 108.91, 1921663, 614
3573, 0, 480, 512, 198, 3, 34.23%, 0, 0, 5, 111.72, 1922253, 614
3578, 0, 480, 512, 198, 3, 34.23%, 0, 0, 5, 101.92, 1922777, 614
3583, 0, 480, 512, 198, 3, 34.23%, 0, 0, 5, 94.41, 1923242, 614
3588, 0, 480, 512, 198, 3, 34.23%, 0, 0, 5, 92.26, 1923707, 614
3593, 0, 507, 512, 197, 2, 34.23%, 0, 0, 5, 636.05, 1925919, 614
3599, 0, 507, 512, 197, 2, 34.23%, 0, 0, 5, 773.30, 1930092, 614
3604, 0, 471, 512, 197, 2, 34.23%, 0, 0, 5, 720.67, 1933785, 614
3609, 0, 471, 512, 197, 2, 34.23%, 0, 0, 5, 689.50, 1937280, 614
3614, 0, 471, 512, 197, 2, 34.23%, 0, 0, 5, 41.03, 1938756, 614
3620, 0, 471, 512, 197, 2, 34.23%, 0, 0, 5, 728.97, 1939441, 614
3625, 0, 471, 512, 197, 2, 34.23%, 0, 0, 5, 713.87, 1942997, 614
3630, 0, 471, 513, 198, 2, 34.23%, 0, 0, 5, 713.39, 1946631, 614
3635, 0, 471, 513, 198, 2, 34.23%, 0, 0, 5, 695.37, 1950145, 614
3640, 0, 471, 513, 198, 2, 34.23%, 0, 0, 5, 695.46, 1953629, 614
3645, 0, 471, 513, 198, 2, 34.23%, 0, 0, 5, 680.36, 1957178, 614
3650, 0, 471, 513, 198, 2, 34.23%, 0, 0, 5, 684.23, 1960584, 614
3655, 0, 471, 513, 198, 2, 34.23%, 0, 0, 5, 685.16, 1964016, 614
3660, 0, 473, 513, 198, 3, 34.23%, 0, 0, 5, 770.89, 1968030, 614
3665, 0, 473, 513, 198, 3, 34.23%, 0, 0, 5, 793.96, 1972170, 614
3670, 0, 473, 513, 198, 3, 34.23%, 0, 0, 5, 798.32, 1976282, 614
3675, 0, 473, 513, 198, 3, 34.23%, 0, 0, 5, 809.58, 1980319, 614
3681, 0, 472, 513, 198, 3, 34.23%, 0, 0, 5, 827.34, 1984623, 614
3686, 0, 472, 513, 198, 3, 34.23%, 0, 0, 5, 826.74, 1988815, 614
3691, 0, 473, 513, 198, 3, 34.23%, 0, 0, 5, 805.84, 1992959, 614
3696, 0, 473, 513, 198, 3, 34.23%, 0, 0, 5, 801.91, 1997135, 614
3701, 0, 412, 513, 198, 3, 34.23%, 0, 0, 5, 800.43, 2001128, 614
3706, 0, 412, 513, 198, 3, 34.23%, 0, 0, 5, 816.05, 2005343, 614
3711, 0, 462, 513, 198, 3, 34.23%, 0, 0, 5, 816.88, 2009503, 614
3716, 0, 462, 513, 198, 3, 34.23%, 0, 0, 5, 787.28, 2013475, 614
3721, 0, 512, 513, 198, 3, 34.23%, 0, 0, 5, 664.15, 2016599, 614
3726, 0, 512, 513, 198, 3, 34.23%, 0, 0, 5, 320.07, 2019474, 614
3733, 0, 512, 513, 198, 3, 34.23%, 0, 0, 5, 6.64, 2022468, 614
3738, 0, 512, 513, 198, 3, 34.23%, 0, 0, 5, 678.33, 2025088, 614
3743, 0, 512, 513, 198, 3, 34.23%, 0, 0, 5, 695.06, 2028689, 614
3748, 0, 512, 513, 198, 3, 34.23%, 0, 0, 5, 693.99, 2032251, 614
3754, 0, 512, 513, 198, 3, 34.23%, 0, 0, 5, 3.04, 2033047, 614
3759, 0, 512, 513, 198, 3, 34.23%, 0, 0, 5, 3.05, 2033063, 614
3764, 0, 512, 513, 198, 3, 34.23%, 0, 0, 5, 658.17, 2034929, 614
3769, 0, 512, 513, 198, 3, 34.23%, 0, 0, 5, 658.58, 2038244, 614
3774, 0, 512, 513, 198, 3, 34.23%, 0, 0, 5, 669.74, 2041676, 614
3779, 0, 512, 513, 198, 3, 34.23%, 0, 0, 5, 641.72, 2044952, 614
3784, 0, 486, 513, 197, 2, 34.23%, 0, 0, 5, 705.14, 2048498, 614
3789, 0, 486, 513, 197, 2, 34.23%, 0, 0, 5, 746.94, 2052418, 614
3795, 0, 379, 513, 197, 2, 34.23%, 0, 0, 5, 775.89, 2056299, 614
3800, 0, 379, 513, 197, 2, 34.23%, 0, 0, 5, 812.65, 2060528, 614
3805, 0, 473, 513, 197, 2, 34.23%, 0, 0, 5, 836.37, 2064752, 614
3810, 0, 473, 513, 197, 2, 34.23%, 0, 0, 5, 768.47, 2068526, 614
3815, 0, 367, 513, 197, 2, 34.23%, 0, 0, 5, 803.36, 2072624, 614
3820, 0, 367, 513, 197, 2, 34.23%, 0, 0, 5, 817.10, 2076720, 614
3825, 0, 437, 513, 197, 2, 34.23%, 0, 0, 5, 813.50, 2080832, 614
3830, 0, 437, 513, 197, 2, 34.23%, 0, 0, 5, 858.39, 2085125, 614
3835, 0, 372, 513, 197, 2, 34.23%, 0, 0, 5, 893.42, 2089645, 614
3840, 0, 372, 513, 197, 2, 34.23%, 0, 0, 5, 931.17, 2094470, 614
3845, 0, 422, 513, 197, 2, 34.23%, 0, 0, 5, 702.40, 2097566, 614
3850, 0, 422, 513, 197, 2, 34.23%, 0, 0, 5, 103.37, 2098846, 614
3856, 0, 422, 513, 197, 2, 34.23%, 0, 0, 5, 896.33, 2101747, 614
3861, 0, 422, 513, 197, 2, 34.23%, 0, 0, 5, 116.10, 2103920, 614
3866, 0, 473, 513, 197, 2, 34.23%, 0, 0, 5, 950.00, 2106109, 614
3871, 0, 473, 513, 197, 2, 34.23%, 0, 0, 5, 905.73, 2110494, 614
3876, 0, 468, 513, 197, 2, 34.23%, 0, 0, 5, 945.63, 2115464, 614
3881, 0, 468, 513, 197, 2, 34.23%, 0, 0, 5, 958.61, 2120234, 614
3886, 0, 369, 513, 197, 2, 34.23%, 0, 0, 5, 987.27, 2123638, 614
3891, 0, 369, 513, 197, 2, 34.23%, 0, 0, 5, 992.03, 2128217, 614
3896, 0, 462, 513, 197, 2, 34.23%, 0, 0, 5, 922.26, 2132820, 614
3902, 0, 428, 513, 197, 2, 34.23%, 0, 0, 5, 887.30, 2137097, 614
3907, 0, 428, 513, 197, 2, 34.23%, 0, 0, 5, 979.32, 2142036, 614
3912, 0, 428, 513, 197, 2, 34.23%, 0, 0, 5, 88.16, 2143675, 614
3943, 0, 428, 513, 197, 2, 34.23%, 0, 0, 5, 5.59, 2144259, 614
3948, 0, 469, 513, 197, 2, 34.23%, 0, 0, 5, 902.30, 2148790, 614
3953, 0, 469, 513, 197, 2, 34.23%, 0, 0, 5, 867.99, 2153296, 614
3958, 0, 369, 513, 197, 2, 34.23%, 0, 0, 5, 888.59, 2157867, 614
3964, 0, 461, 513, 197, 2, 34.23%, 0, 0, 5, 837.39, 2161979, 614
3969, 0, 461, 513, 197, 2, 34.23%, 0, 0, 5, 804.87, 2166032, 614
3974, 0, 369, 513, 197, 2, 34.23%, 0, 0, 5, 878.47, 2170460, 614
3979, 0, 369, 513, 197, 2, 34.23%, 0, 0, 5, 940.74, 2175310, 614
3984, 0, 369, 513, 197, 2, 34.23%, 0, 0, 5, 919.55, 2179164, 614
3989, 0, 369, 513, 197, 2, 34.23%, 0, 0, 5, 839.95, 2183472, 614
3994, 0, 473, 513, 197, 2, 34.23%, 0, 0, 5, 896.61, 2187711, 614
3999, 0, 473, 513, 197, 2, 34.23%, 0, 0, 5, 919.18, 2192126, 614
4005, 0, 473, 513, 197, 2, 34.23%, 0, 0, 5, 915.22, 2196736, 614
4010, 0, 473, 513, 197, 2, 34.23%, 0, 0, 5, 927.80, 2201380, 614
4015, 0, 8, 513, 197, 2, 34.23%, 0, 0, 5, 782.01, 2205375, 614
4020, 0, 8, 513, 197, 2, 34.23%, 0, 0, 5, 720.85, 2208528, 614
4025, 0, 473, 513, 197, 2, 34.23%, 0, 0, 5, 845.23, 2212800, 614
4030, 0, 473, 513, 197, 2, 34.23%, 0, 0, 5, 849.21, 2217184, 614
4035, 0, 473, 513, 197, 2, 34.23%, 0, 0, 5, 1033.29, 2222344, 614
4040, 0, 369, 513, 197, 2, 34.23%, 0, 0, 5, 1011.27, 2227416, 614
4045, 0, 369, 513, 197, 2, 34.23%, 0, 0, 5, 846.53, 2231920, 614
4051, 0, 469, 513, 197, 2, 34.23%, 0, 0, 5, 908.16, 2236526, 614
4056, 0, 469, 513, 197, 2, 34.23%, 0, 0, 5, 925.37, 2240924, 614
4061, 0, 469, 513, 197, 2, 34.23%, 0, 0, 5, 207.98, 2243315, 614
4066, 0, 468, 513, 197, 2, 34.23%, 0, 0, 5, 796.72, 2246065, 614
4071, 0, 468, 513, 197, 2, 34.23%, 0, 0, 5, 793.76, 2250115, 614
4076, 0, 473, 513, 197, 2, 34.23%, 0, 0, 5, 886.74, 2254658, 614
4081, 0, 473, 513, 197, 2, 34.23%, 0, 0, 5, 890.31, 2258704, 614
4086, 0, 420, 513, 197, 2, 34.23%, 0, 0, 5, 857.26, 2262720, 614
4091, 0, 420, 513, 197, 2, 34.23%, 0, 0, 5, 992.02, 2267994, 614
4096, 0, 41, 513, 197, 2, 34.23%, 0, 0, 5, 897.31, 2271909, 614
4102, 0, 443, 513, 197, 2, 34.23%, 0, 0, 5, 902.29, 2276582, 614
4107, 0, 443, 513, 197, 2, 34.23%, 0, 0, 5, 844.97, 2280400, 614
4112, 0, 473, 513, 197, 2, 34.23%, 0, 0, 5, 864.47, 2284655, 614
4117, 0, 473, 513, 197, 2, 34.23%, 0, 0, 5, 1011.12, 2289680, 614
4122, 0, 369, 513, 197, 2, 34.23%, 0, 0, 5, 182.34, 2294086, 614
4127, 0, 369, 513, 197, 2, 34.23%, 0, 0, 5, 951.89, 2298900, 614
4132, 0, 486, 513, 197, 2, 34.23%, 0, 0, 5, 886.45, 2303453, 614
4137, 0, 486, 513, 197, 2, 34.23%, 0, 0, 5, 899.95, 2307771, 614
4142, 0, 502, 513, 197, 2, 34.23%, 0, 0, 5, 888.21, 2312359, 614
4147, 0, 502, 513, 197, 2, 34.23%, 0, 0, 5, 780.29, 2316146, 614
4152, 0, 370, 513, 197, 2, 34.23%, 0, 0, 5, 776.35, 2320063, 614
4157, 0, 370, 513, 197, 2, 34.23%, 0, 0, 5, 786.93, 2324023, 614
4163, 0, 369, 513, 197, 2, 34.23%, 0, 0, 5, 780.25, 2327955, 614
4168, 0, 369, 513, 197, 2, 34.23%, 0, 0, 5, 788.51, 2331930, 614
4173, 0, 473, 513, 197, 2, 34.23%, 0, 0, 5, 780.66, 2335967, 614
4178, 0, 473, 513, 197, 2, 34.23%, 0, 0, 5, 774.17, 2339747, 614
4183, 0, 507, 513, 197, 2, 34.23%, 0, 0, 5, 774.62, 2343679, 614
4188, 0, 507, 513, 197, 2, 34.23%, 0, 0, 5, 743.32, 2347218, 614
4193, 0, 473, 513, 197, 2, 34.23%, 0, 0, 5, 761.29, 2351076, 614
4198, 0, 473, 513, 197, 2, 34.23%, 0, 0, 5, 790.48, 2355201, 614
4203, 0, 200, 513, 197, 2, 34.23%, 0, 0, 5, 784.92, 2359280, 614
4208, 0, 200, 513, 197, 2, 34.23%, 0, 0, 5, 773.76, 2363150, 614
4213, 0, 507, 513, 196, 2, 34.23%, 0, 0, 5, 798.77, 2366977, 614
4218, 0, 507, 513, 196, 2, 34.23%, 0, 0, 5, 756.35, 2370532, 614
4224, 0, 507, 513, 196, 2, 34.23%, 0, 0, 5, 773.94, 2374477, 614
4239, 0, 71, 513, 196, 2, 34.23%, 0, 0, 5, 5.78, 2374565, 614
4244, 0, 71, 513, 196, 2, 34.23%, 0, 0, 5, 745.68, 2378275, 614
4249, 0, 71, 513, 196, 2, 34.23%, 0, 0, 5, 762.10, 2382155, 614
4254, 0, 473, 513, 195, 2, 34.23%, 0, 0, 5, 814.68, 2386277, 614
4259, 0, 473, 513, 195, 2, 34.23%, 0, 0, 5, 836.96, 2390677, 614
4264, 0, 369, 513, 195, 2, 34.23%, 0, 0, 5, 852.63, 2395148, 614
4269, 0, 428, 513, 195, 2, 34.23%, 0, 0, 5, 850.07, 2399396, 614
4275, 0, 428, 513, 195, 2, 34.23%, 0, 0, 5, 851.50, 2403697, 614
4280, 0, 407, 513, 195, 2, 34.23%, 0, 0, 5, 855.86, 2408030, 614
4285, 0, 407, 513, 195, 2, 34.23%, 0, 0, 5, 833.80, 2412197, 614
4290, 0, 408, 513, 195, 2, 34.23%, 0, 0, 5, 804.07, 2416341, 614
4295, 0, 408, 513, 195, 2, 34.23%, 0, 0, 5, 830.97, 2420549, 614
4300, 0, 450, 513, 195, 2, 34.23%, 0, 0, 5, 801.72, 2424661, 614
4305, 0, 450, 513, 195, 2, 34.23%, 0, 0, 5, 796.47, 2428637, 614
4310, 0, 486, 513, 195, 2, 34.23%, 0, 0, 5, 840.00, 2432431, 614
4315, 0, 486, 513, 195, 2, 34.23%, 0, 0, 5, 814.80, 2436293, 614
4321, 0, 369, 513, 195, 2, 34.23%, 0, 0, 5, 807.22, 2440309, 614
4326, 0, 369, 513, 195, 2, 34.23%, 0, 0, 5, 854.66, 2444725, 614
4331, 0, 502, 513, 195, 2, 34.23%, 0, 0, 5, 867.38, 2449126, 614
4336, 0, 502, 513, 195, 2, 34.23%, 0, 0, 5, 857.17, 2453478, 614
4341, 0, 473, 513, 195, 2, 34.23%, 0, 0, 5, 865.66, 2457964, 614
4346, 0, 473, 513, 195, 2, 34.23%, 0, 0, 5, 868.67, 2462418, 614
4351, 0, 369, 513, 195, 2, 34.23%, 0, 0, 5, 867.88, 2466887, 614
4356, 0, 369, 513, 195, 2, 34.23%, 0, 0, 5, 840.01, 2470949, 614
4361, 0, 473, 513, 195, 2, 34.23%, 0, 0, 5, 857.14, 2475283, 614
4366, 0, 473, 513, 195, 2, 34.23%, 0, 0, 5, 871.79, 2479635, 614
4371, 0, 497, 513, 195, 2, 34.23%, 0, 0, 5, 792.60, 2483611, 614
4376, 0, 497, 513, 195, 2, 34.23%, 0, 0, 5, 755.02, 2487346, 614
4381, 0, 507, 513, 195, 2, 34.23%, 0, 0, 5, 792.26, 2491293, 614
4387, 0, 507, 513, 195, 2, 34.23%, 0, 0, 5, 771.58, 2495328, 614
4392, 0, 473, 513, 195, 2, 34.23%, 0, 0, 5, 775.61, 2499155, 614
4397, 0, 473, 513, 195, 2, 34.23%, 0, 0, 5, 797.69, 2503130, 614
4402, 0, 369, 513, 195, 2, 34.23%, 0, 0, 5, 819.78, 2507253, 614
4407, 0, 369, 513, 195, 2, 34.23%, 0, 0, 5, 766.65, 2511247, 614
4412, 0, 473, 513, 195, 2, 34.23%, 0, 0, 5, 821.30, 2514965, 614
4417, 0, 473, 513, 195, 2, 34.23%, 0, 0, 5, 827.05, 2519157, 614
4422, 0, 396, 513, 195, 2, 34.23%, 0, 0, 5, 799.50, 2522471, 614
4427, 0, 396, 513, 195, 2, 34.23%, 0, 0, 5, 797.36, 2526551, 614
4434, 0, 178, 513, 195, 2, 34.23%, 0, 0, 5, 39.19, 2530224, 614
4439, 0, 178, 513, 195, 2, 34.23%, 0, 0, 5, 29.77, 2530323, 614
4444, 0, 178, 513, 195, 2, 34.23%, 0, 0, 5, 676.78, 2531797, 614
4449, 0, 178, 513, 195, 2, 34.23%, 0, 0, 5, 718.77, 2535488, 614
4454, 0, 178, 513, 195, 2, 34.23%, 0, 0, 5, 728.30, 2539184, 614
4459, 0, 178, 513, 195, 2, 34.23%, 0, 0, 5, 743.16, 2543034, 614
4464, 0, 178, 513, 195, 2, 34.23%, 0, 0, 5, 725.69, 2546688, 614
4470, 0, 178, 513, 195, 2, 34.23%, 0, 0, 5, 26.46, 2549208, 614
4475, 0, 178, 513, 195, 2, 34.23%, 0, 0, 5, 339.82, 2549958, 614
4481, 0, 178, 513, 195, 2, 34.23%, 0, 0, 5, 645.65, 2553660, 614
4486, 0, 414, 513, 194, 2, 34.23%, 0, 0, 5, 788.84, 2557755, 614
4491, 0, 414, 513, 194, 2, 34.23%, 0, 0, 5, 822.65, 2561920, 614
4496, 0, 414, 513, 194, 2, 34.23%, 0, 0, 5, 788.31, 2565855, 614
4501, 0, 414, 513, 194, 2, 34.23%, 0, 0, 5, 819.63, 2570016, 614
4506, 0, 414, 513, 194, 2, 34.23%, 0, 0, 5, 801.37, 2574144, 614
4511, 0, 414, 513, 194, 2, 34.23%, 0, 0, 5, 806.60, 2578176, 614
4516, 0, 369, 513, 194, 2, 34.23%, 0, 0, 5, 811.69, 2582288, 614
4521, 0, 369, 513, 194, 2, 34.23%, 0, 0, 5, 825.82, 2586512, 614
4526, 0, 369, 513, 194, 2, 34.23%, 0, 0, 5, 815.77, 2590608, 614
4531, 0, 369, 513, 194, 2, 34.23%, 0, 0, 5, 822.06, 2594784, 614
4536, 0, 369, 513, 194, 2, 34.23%, 0, 0, 5, 832.88, 2599008, 614
4541, 0, 369, 513, 194, 2, 34.23%, 0, 0, 5, 844.72, 2603248, 614
4547, 0, 473, 513, 194, 2, 34.23%, 0, 0, 5, 782.91, 2607057, 614
4552, 0, 473, 513, 194, 2, 34.23%, 0, 0, 5, 774.21, 2610792, 614
4557, 0, 473, 513, 194, 2, 34.23%, 0, 0, 5, 820.13, 2614976, 614
4562, 0, 473, 513, 194, 2, 34.23%, 0, 0, 5, 839.40, 2619360, 614
4567, 0, 473, 513, 194, 2, 34.23%, 0, 0, 5, 840.47, 2623264, 614
4572, 0, 473, 513, 194, 2, 34.23%, 0, 0, 5, 835.65, 2627456, 614
4577, 0, 512, 513, 194, 2, 34.23%, 0, 0, 5, 680.40, 2630842, 614
4582, 0, 512, 513, 194, 2, 34.23%, 0, 0, 5, 696.83, 2634443, 614
4587, 0, 512, 513, 194, 2, 34.23%, 0, 0, 5, 694.92, 2638005, 614
4592, 0, 512, 513, 194, 2, 34.23%, 0, 0, 5, 706.74, 2641632, 614
4598, 0, 512, 513, 194, 2, 34.23%, 0, 0, 5, 695.34, 2645246, 614
4603, 0, 512, 513, 194, 2, 34.23%, 0, 0, 5, 696.35, 2648821, 614
4608, 0, 512, 514, 195, 2, 34.23%, 0, 0, 5, 701.27, 2652434, 614
4613, 0, 512, 514, 195, 2, 34.23%, 0, 0, 5, 719.74, 2656130, 614
4618, 0, 512, 514, 195, 2, 34.23%, 0, 0, 5, 715.97, 2659700, 614
4623, 0, 473, 514, 195, 2, 34.23%, 0, 0, 5, 800.24, 2663689, 614
4628, 0, 473, 514, 195, 2, 34.23%, 0, 0, 5, 844.81, 2667992, 614
4633, 0, 473, 514, 195, 2, 34.23%, 0, 0, 5, 842.31, 2672216, 614
4638, 0, 473, 514, 195, 2, 34.23%, 0, 0, 5, 830.88, 2676440, 614
4643, 0, 473, 514, 195, 2, 34.23%, 0, 0, 5, 817.59, 2680584, 614
4648, 0, 473, 514, 195, 2, 34.23%, 0, 0, 5, 821.03, 2684792, 614
4653, 0, 458, 514, 195, 2, 34.23%, 0, 0, 5, 822.01, 2688984, 614
4658, 0, 458, 514, 195, 2, 34.23%, 0, 0, 5, 781.56, 2692765, 614
4664, 0, 369, 514, 195, 2, 34.23%, 0, 0, 5, 826.11, 2697112, 614
4669, 0, 369, 514, 195, 2, 34.23%, 0, 0, 5, 792.74, 2701047, 614
4674, 0, 486, 514, 195, 2, 34.23%, 0, 0, 5, 821.37, 2705016, 614
4679, 0, 486, 514, 195, 2, 34.23%, 0, 0, 5, 797.59, 2709014, 614
4684, 0, 473, 514, 195, 2, 34.23%, 0, 0, 5, 801.35, 2713141, 614
4689, 0, 473, 514, 195, 2, 34.23%, 0, 0, 5, 818.90, 2717304, 614
4694, 0, 420, 514, 195, 2, 34.23%, 0, 0, 5, 77.10, 2721088, 614
4699, 0, 420, 514, 195, 2, 34.23%, 0, 0, 5, 745.91, 2724724, 614
4704, 0, 502, 514, 195, 2, 34.23%, 0, 0, 5, 801.87, 2728968, 614
4710, 0, 502, 514, 195, 2, 34.23%, 0, 0, 5, 814.65, 2733112, 614
4715, 0, 174, 514, 195, 2, 34.23%, 0, 0, 5, 37.77, 2735058, 614
4720, 0, 174, 514, 195, 2, 34.23%, 0, 0, 5, 4.92, 2735136, 614
4725, 0, 174, 514, 195, 2, 34.23%, 0, 0, 5, 504.39, 2737913, 614
4730, 0, 174, 514, 195, 2, 34.23%, 0, 0, 5, 587.33, 2740993, 614
4735, 0, 174, 514, 195, 2, 34.23%, 0, 0, 5, 585.06, 2743864, 614
4740, 0, 174, 514, 195, 2, 34.23%, 0, 0, 5, 602.52, 2746922, 614
4745, 0, 174, 514, 195, 2, 34.23%, 0, 0, 5, 640.16, 2750282, 614
4750, 0, 174, 514, 195, 2, 34.23%, 0, 0, 5, 625.76, 2753198, 614
4755, 0, 174, 514, 195, 2, 34.23%, 0, 0, 5, 638.75, 2756402, 614
4761, 0, 174, 514, 195, 2, 34.23%, 0, 0, 5, 620.00, 2759546, 614
4766, 0, 369, 514, 194, 2, 34.23%, 0, 0, 5, 747.84, 2763454, 614
4771, 0, 369, 514, 194, 2, 34.23%, 0, 0, 5, 785.55, 2767028, 614
4776, 0, 369, 514, 194, 2, 34.23%, 0, 0, 5, 827.93, 2771266, 614
4781, 0, 369, 514, 194, 2, 34.23%, 0, 0, 5, 791.93, 2775203, 614
4786, 0, 369, 514, 194, 2, 34.23%, 0, 0, 5, 799.60, 2779266, 614
4791, 0, 369, 514, 194, 2, 34.23%, 0, 0, 5, 833.29, 2783570, 614
4796, 0, 369, 514, 194, 2, 34.23%, 0, 0, 5, 839.94, 2787917, 614
4801, 0, 369, 514, 194, 2, 34.23%, 0, 0, 5, 859.22, 2792269, 614
4806, 0, 369, 514, 194, 2, 34.23%, 0, 0, 5, 867.14, 2796706, 614
4811, 0, 369, 514, 194, 2, 34.23%, 0, 0, 5, 833.36, 2801058, 614
4817, 0, 369, 514, 194, 2, 34.23%, 0, 0, 5, 765.80, 2804684, 614
4822, 0, 502, 514, 194, 2, 34.23%, 0, 0, 5, 826.72, 2808978, 614
4827, 0, 502, 514, 194, 2, 34.23%, 0, 0, 5, 824.15, 2813154, 614
4832, 0, 502, 514, 194, 2, 34.23%, 0, 0, 5, 806.59, 2817250, 614
4837, 0, 502, 514, 194, 2, 34.23%, 0, 0, 5, 805.90, 2821330, 614
4842, 0, 502, 514, 194, 2, 34.23%, 0, 0, 5, 790.57, 2825315, 614
4847, 0, 502, 514, 194, 2, 34.23%, 0, 0, 5, 816.31, 2829250, 614
4852, 0, 502, 514, 194, 2, 34.23%, 0, 0, 5, 795.61, 2833345, 614
4857, 0, 473, 514, 194, 2, 34.23%, 0, 0, 5, 829.91, 2837666, 614
4862, 0, 473, 514, 194, 2, 34.23%, 0, 0, 5, 850.05, 2841922, 614
4868, 0, 473, 514, 194, 2, 34.23%, 0, 0, 5, 874.86, 2846385, 614
4873, 0, 473, 514, 194, 2, 34.23%, 0, 0, 5, 843.57, 2850626, 614
4878, 0, 473, 514, 194, 2, 34.23%, 0, 0, 5, 837.13, 2854850, 614
4883, 0, 473, 514, 194, 2, 34.23%, 0, 0, 5, 827.08, 2858498, 614
4888, 0, 473, 514, 194, 2, 34.23%, 0, 0, 5, 837.62, 2862882, 614
4893, 0, 473, 514, 194, 2, 34.23%, 0, 0, 5, 836.33, 2867090, 614
4898, 0, 473, 514, 194, 2, 34.23%, 0, 0, 5, 848.70, 2871522, 614
4903, 0, 473, 514, 194, 2, 34.23%, 0, 0, 5, 818.54, 2875426, 614
4908, 0, 473, 514, 194, 2, 34.23%, 0, 0, 5, 794.80, 2879570, 614
4914, 0, 369, 514, 194, 2, 34.23%, 0, 0, 5, 810.08, 2883378, 614
4919, 0, 369, 514, 194, 2, 34.23%, 0, 0, 5, 838.75, 2887634, 614
4924, 0, 369, 514, 194, 2, 34.23%, 0, 0, 5, 819.21, 2891714, 614
4929, 0, 369, 514, 194, 2, 34.23%, 0, 0, 5, 820.12, 2895842, 614
4934, 0, 369, 514, 194, 2, 34.23%, 0, 0, 5, 803.44, 2899794, 614
4939, 0, 369, 514, 194, 2, 34.23%, 0, 0, 5, 819.05, 2903970, 614
4944, 0, 507, 514, 194, 2, 34.23%, 0, 0, 5, 790.64, 2908019, 614
4949, 0, 507, 514, 194, 2, 34.23%, 0, 0, 5, 793.14, 2911979, 614
4954, 0, 507, 514, 194, 2, 34.23%, 0, 0, 5, 795.36, 2915954, 614
4959, 0, 507, 514, 194, 2, 34.23%, 0, 0, 5, 796.51, 2920079, 614
4964, 0, 507, 514, 194, 2, 34.23%, 0, 0, 5, 815.60, 2924194, 614
4969, 0, 507, 514, 194, 2, 34.23%, 0, 0, 5, 809.69, 2928258, 614
4974, 0, 468, 514, 194, 2, 34.23%, 0, 0, 5, 803.99, 2932322, 614
4979, 0, 468, 514, 194, 2, 34.23%, 0, 0, 5, 818.31, 2936226, 614
4984, 0, 468, 514, 194, 2, 34.23%, 0, 0, 5, 747.48, 2939924, 614
4989, 0, 468, 514, 194, 2, 34.23%, 0, 0, 5, 805.05, 2944066, 614
4994, 0, 468, 514, 194, 2, 34.23%, 0, 0, 5, 821.44, 2948210, 614
5000, 0, 468, 514, 194, 2, 34.23%, 0, 0, 5, 793.45, 2952215, 614
5005, 0, 468, 514, 194, 2, 34.23%, 0, 0, 5, 785.70, 2956205, 614
5010, 0, 369, 514, 194, 2, 34.23%, 0, 0, 5, 814.72, 2960370, 614
5015, 0, 369, 514, 194, 2, 34.23%, 0, 0, 5, 735.80, 2964086, 614
5020, 0, 369, 514, 194, 2, 34.23%, 0, 0, 5, 788.27, 2968091, 614
5025, 0, 369, 514, 194, 2, 34.23%, 0, 0, 5, 796.47, 2972261, 614
5030, 0, 369, 514, 194, 2, 34.23%, 0, 0, 5, 799.11, 2976281, 614
5036, 0, 369, 514, 194, 2, 34.23%, 0, 0, 5, 861.53, 2980706, 614
5041, 0, 291, 514, 194, 2, 34.23%, 0, 0, 5, 29.50, 2980856, 614
5046, 0, 291, 514, 194, 2, 34.23%, 0, 0, 5, 718.27, 2983807, 614
5051, 0, 291, 514, 194, 2, 34.23%, 0, 0, 5, 759.42, 2987679, 614
5056, 0, 291, 514, 194, 2, 34.23%, 0, 0, 5, 766.33, 2991579, 614
5061, 0, 291, 514, 194, 2, 34.23%, 0, 0, 5, 59.57, 2994660, 614
5066, 0, 291, 514, 194, 2, 34.23%, 0, 0, 5, 1.90, 2995320, 614
5071, 0, 291, 514, 194, 2, 34.23%, 0, 0, 5, 766.17, 2995677, 614
5076, 0, 291, 514, 194, 2, 34.23%, 0, 0, 5, 745.48, 2999319, 614
5081, 0, 291, 514, 194, 2, 34.23%, 0, 0, 5, 474.73, 3002844, 614
5087, 0, 291, 514, 194, 2, 34.23%, 0, 0, 5, 37.14, 3004967, 614
5092, 0, 291, 514, 194, 2, 34.23%, 0, 0, 5, 716.72, 3007999, 614
5097, 0, 291, 514, 194, 2, 34.23%, 0, 0, 5, 750.29, 3011814, 614
5102, 0, 512, 514, 193, 2, 34.23%, 0, 0, 5, 719.55, 3015413, 614
5107, 0, 512, 514, 193, 2, 34.23%, 0, 0, 5, 730.07, 3019109, 614
5112, 0, 512, 514, 193, 2, 34.23%, 0, 0, 5, 733.15, 3022805, 614
5117, 0, 512, 514, 193, 2, 34.23%, 0, 0, 5, 722.75, 3026487, 614
5122, 0, 512, 514, 193, 2, 34.23%, 0, 0, 5, 722.21, 3030183, 614
5127, 0, 512, 514, 193, 2, 34.23%, 0, 0, 5, 726.27, 3033879, 614
5132, 0, 512, 514, 193, 2, 34.23%, 0, 0, 5, 712.30, 3037477, 614
5137, 0, 512, 514, 193, 2, 34.23%, 0, 0, 5, 671.67, 3040921, 614
5142, 0, 512, 514, 193, 2, 34.23%, 0, 0, 5, 681.00, 3044339, 614
5148, 0, 369, 514, 193, 2, 34.23%, 0, 0, 5, 755.89, 3048205, 614
5153, 0, 369, 514, 193, 2, 34.23%, 0, 0, 5, 806.48, 3052391, 614
5158, 0, 369, 514, 193, 2, 34.23%, 0, 0, 5, 827.86, 3056599, 614
5163, 0, 369, 514, 193, 2, 34.23%, 0, 0, 5, 843.52, 3060839, 614
5168, 0, 473, 514, 193, 2, 34.23%, 0, 0, 5, 830.05, 3064999, 614
5173, 0, 473, 514, 193, 2, 34.23%, 0, 0, 5, 834.90, 3069223, 614
5178, 0, 457, 514, 193, 2, 34.23%, 0, 0, 5, 816.04, 3073335, 614
5183, 0, 457, 514, 193, 2, 34.23%, 0, 0, 5, 810.14, 3077415, 614
5188, 0, 116, 514, 193, 2, 34.23%, 0, 0, 5, 816.49, 3081511, 614
5193, 0, 116, 514, 193, 2, 34.23%, 0, 0, 5, 820.91, 3085655, 614
5198, 0, 437, 514, 193, 2, 34.23%, 0, 0, 5, 818.09, 3089767, 614
5203, 0, 437, 514, 193, 2, 34.23%, 0, 0, 5, 775.61, 3093725, 614
5208, 0, 413, 514, 193, 2, 34.23%, 0, 0, 5, 762.38, 3097357, 614
5213, 0, 413, 514, 193, 2, 34.23%, 0, 0, 5, 728.51, 3100665, 614
5219, 0, 412, 514, 193, 2, 34.23%, 0, 0, 5, 748.73, 3104531, 614
5224, 0, 412, 514, 193, 2, 34.23%, 0, 0, 5, 760.87, 3108429, 614
5229, 0, 438, 514, 193, 2, 34.23%, 0, 0, 5, 728.58, 3112051, 614
5234, 0, 438, 514, 193, 2, 34.23%, 0, 0, 5, 709.45, 3115467, 614
5239, 0, 438, 514, 193, 2, 34.23%, 0, 0, 5, 692.82, 3118892, 614
5244, 0, 433, 514, 193, 2, 34.23%, 0, 0, 5, 749.48, 3122805, 614
5251, 0, 433, 514, 193, 2, 34.23%, 0, 0, 5, 9.79, 3124891, 614
5256, 0, 433, 514, 193, 2, 34.23%, 0, 0, 5, 517.66, 3127893, 614
5261, 0, 395, 514, 193, 2, 34.23%, 0, 0, 5, 711.79, 3131669, 614
5267, 0, 395, 514, 193, 2, 34.23%, 0, 0, 5, 768.88, 3135795, 614
5272, 0, 463, 514, 193, 2, 34.23%, 0, 0, 5, 767.77, 3139727, 614
5277, 0, 463, 514, 193, 2, 34.23%, 0, 0, 5, 751.93, 3143597, 614
5282, 0, 505, 514, 193, 2, 34.23%, 0, 0, 5, 742.37, 3147423, 614
5287, 0, 505, 514, 193, 2, 34.23%, 0, 0, 5, 739.44, 3151119, 614
5292, 0, 473, 514, 193, 2, 34.23%, 0, 0, 5, 771.73, 3155121, 614
5297, 0, 473, 514, 193, 2, 34.23%, 0, 0, 5, 800.76, 3159255, 614
5303, 0, 147, 514, 193, 2, 34.23%, 0, 0, 5, 743.78, 3163032, 614
5308, 0, 147, 514, 193, 2, 34.23%, 0, 0, 5, 693.01, 3166443, 614
5313, 0, 147, 514, 193, 2, 34.23%, 0, 0, 5, 695.41, 3169693, 614
5318, 0, 147, 514, 193, 2, 34.23%, 0, 0, 5, 701.84, 3173224, 614
5323, 0, 147, 514, 193, 2, 34.23%, 0, 0, 5, 687.04, 3176752, 614
5328, 0, 147, 514, 193, 2, 34.23%, 0, 0, 5, 693.39, 3180379, 614
5333, 0, 147, 514, 193, 2, 34.23%, 0, 0, 5, 704.77, 3184018, 614
5338, 0, 486, 514, 192, 2, 34.23%, 0, 0, 5, 730.72, 3187664, 614
5343, 0, 486, 514, 192, 2, 34.23%, 0, 0, 5, 768.60, 3191601, 614
5348, 0, 486, 514, 192, 2, 34.23%, 0, 0, 5, 67.57, 3195261, 614
5353, 0, 486, 514, 192, 2, 34.23%, 0, 0, 5, 802.08, 3199052, 614
5359, 0, 486, 514, 192, 2, 34.23%, 0, 0, 5, 810.30, 3202988, 614
5364, 0, 486, 514, 192, 2, 34.23%, 0, 0, 5, 758.17, 3206886, 614
5369, 0, 507, 514, 192, 2, 34.23%, 0, 0, 5, 758.27, 3210747, 614
5374, 0, 507, 514, 192, 2, 34.23%, 0, 0, 5, 783.99, 3214842, 614
5379, 0, 507, 514, 192, 2, 34.23%, 0, 0, 5, 771.23, 3218682, 614
5384, 0, 507, 514, 192, 2, 34.23%, 0, 0, 5, 804.38, 3222540, 614
5389, 0, 507, 514, 192, 2, 34.23%, 0, 0, 5, 803.13, 3226652, 614
5394, 0, 507, 514, 192, 2, 34.23%, 0, 0, 5, 803.25, 3230780, 614
5398, 0, 507, 514, 192, 2, 34.23%, 0, 0, 5, 835.10, 3234257, 614
