# relative_time, cycles_done, cur_path, paths_total, pending_total, pending_favs, map_size, unique_crashes, unique_hangs, max_depth, execs_per_sec, total_execs, edges_found
60, 0, 420, 470, 230, 57, 32.33%, 0, 0, 4, 973.05, 50603, 580
65, 0, 423, 470, 227, 54, 32.33%, 0, 0, 4, 968.34, 55425, 580
71, 0, 443, 472, 225, 50, 32.33%, 0, 0, 4, 984.93, 60530, 580
76, 0, 460, 472, 223, 48, 32.33%, 0, 0, 4, 841.36, 64880, 580
81, 0, 392, 472, 219, 44, 32.33%, 0, 0, 4, 959.56, 70006, 580
86, 0, 197, 474, 218, 42, 32.44%, 0, 0, 4, 968.76, 74912, 582
91, 0, 449, 474, 215, 40, 32.44%, 0, 0, 4, 1001.41, 80148, 582
96, 0, 415, 474, 212, 37, 32.44%, 0, 0, 4, 977.10, 85097, 582
101, 0, 394, 476, 211, 35, 33.33%, 0, 0, 4, 959.97, 89927, 598
106, 0, 388, 476, 207, 32, 33.33%, 0, 0, 4, 983.65, 94912, 598
112, 0, 170, 478, 206, 30, 33.50%, 0, 0, 4, 989.12, 100087, 601
117, 0, 428, 478, 203, 27, 33.50%, 0, 0, 4, 1001.39, 105129, 601
122, 0, 424, 478, 200, 24, 33.50%, 0, 0, 4, 883.64, 109519, 601
127, 0, 440, 479, 198, 21, 33.50%, 0, 0, 4, 958.50, 114568, 601
132, 0, 468, 479, 195, 18, 33.50%, 0, 0, 4, 960.93, 119662, 601
137, 0, 380, 479, 194, 17, 33.50%, 0, 0, 4, 1002.59, 124486, 601
142, 0, 402, 479, 191, 14, 33.50%, 0, 0, 4, 950.44, 129224, 601
147, 0, 445, 479, 188, 11, 33.50%, 0, 0, 4, 983.36, 134188, 601
152, 0, 383, 479, 187, 10, 33.50%, 0, 0, 4, 1004.61, 139229, 601
157, 0, 395, 479, 186, 9, 33.50%, 0, 0, 4, 951.36, 143963, 601
163, 0, 477, 479, 185, 8, 33.50%, 0, 0, 4, 951.62, 148775, 601
168, 0, 362, 479, 183, 6, 33.50%, 0, 0, 4, 893.50, 153255, 601
173, 0, 362, 479, 183, 6, 33.50%, 0, 0, 4, 803.00, 156781, 601
178, 0, 362, 479, 183, 6, 33.50%, 0, 0, 4, 506.25, 160020, 601
183, 0, 362, 479, 183, 6, 33.50%, 0, 0, 4, 821.73, 164125, 601
188, 0, 386, 479, 182, 5, 33.50%, 0, 0, 4, 981.80, 167676, 601
193, 0, 386, 479, 182, 5, 33.50%, 0, 0, 4, 1015.56, 172725, 601
198, 0, 386, 479, 182, 5, 33.50%, 0, 0, 4, 1097.84, 178335, 601
203, 0, 448, 479, 182, 5, 33.50%, 0, 0, 4, 1163.28, 182729, 601
208, 0, 448, 480, 183, 5, 33.50%, 0, 0, 4, 1104.44, 188237, 601
213, 0, 448, 480, 183, 5, 33.50%, 0, 0, 4, 990.67, 193165, 601
219, 0, 379, 480, 182, 5, 33.50%, 0, 0, 4, 836.88, 197210, 601
224, 0, 379, 480, 182, 5, 33.50%, 0, 0, 4, 1003.07, 202258, 601
229, 0, 379, 480, 182, 5, 33.50%, 0, 0, 4, 1053.49, 207765, 601
234, 0, 412, 480, 182, 5, 33.50%, 0, 0, 4, 775.54, 211351, 601
239, 0, 412, 480, 182, 5, 33.50%, 0, 0, 4, 669.88, 214301, 601
244, 0, 412, 480, 182, 5, 33.50%, 0, 0, 4, 693.72, 217681, 601
249, 0, 412, 480, 182, 5, 33.50%, 0, 0, 4, 706.38, 221259, 601
254, 0, 479, 480, 181, 4, 33.50%, 0, 0, 4, 939.33, 226355, 601
259, 0, 479, 481, 182, 4, 33.50%, 0, 0, 4, 941.31, 231169, 601
265, 0, 431, 481, 181, 3, 33.50%, 0, 0, 4, 996.06, 236167, 601
270, 0, 431, 481, 181, 3, 33.50%, 0, 0, 4, 1061.97, 241666, 601
275, 0, 431, 481, 181, 3, 33.50%, 0, 0, 4, 1020.73, 246717, 601
280, 0, 379, 481, 181, 3, 33.50%, 0, 0, 4, 1060.47, 251962, 601
285, 0, 379, 481, 181, 3, 33.50%, 0, 0, 4, 1103.18, 257627, 601
290, 0, 379, 481, 181, 3, 33.50%, 0, 0, 4, 1032.63, 262641, 601
295, 0, 383, 481, 181, 3, 33.50%, 0, 0, 4, 996.81, 267900, 601
300, 0, 383, 481, 181, 3, 33.50%, 0, 0, 4, 932.08, 272346, 601
305, 0, 383, 481, 181, 3, 33.50%, 0, 0, 4, 1050.23, 276034, 601
310, 0, 381, 481, 181, 3, 33.50%, 0, 0, 4, 47.27, 278096, 601
315, 0, 381, 481, 181, 3, 33.50%, 0, 0, 4, 904.48, 280673, 601
321, 0, 381, 481, 181, 3, 33.50%, 0, 0, 4, 17.83, 283678, 601
326, 0, 381, 481, 181, 3, 33.50%, 0, 0, 4, 395.19, 284902, 601
331, 0, 381, 481, 181, 3, 33.50%, 0, 0, 4, 865.66, 289938, 601
336, 0, 210, 481, 181, 3, 33.50%, 0, 0, 4, 126.09, 291423, 601
341, 0, 210, 481, 181, 3, 33.50%, 0, 0, 4, 126.29, 292071, 601
346, 0, 210, 481, 181, 3, 33.50%, 0, 0, 4, 127.29, 292723, 601
351, 0, 210, 481, 181, 3, 33.50%, 0, 0, 4, 128.16, 293383, 601
356, 0, 210, 481, 181, 3, 33.50%, 0, 0, 4, 35.68, 293946, 601
362, 0, 210, 482, 182, 3, 33.50%, 0, 0, 4, 98.62, 294545, 601
367, 0, 210, 482, 182, 3, 33.50%, 0, 0, 4, 117.11, 295143, 601
372, 0, 210, 482, 182, 3, 33.50%, 0, 0, 4, 122.39, 295695, 601
377, 0, 210, 482, 182, 3, 33.50%, 0, 0, 4, 126.17, 296349, 601
382, 0, 210, 482, 182, 3, 33.50%, 0, 0, 4, 123.88, 296969, 601
387, 0, 210, 482, 182, 3, 33.50%, 0, 0, 4, 127.94, 297533, 601
392, 0, 210, 482, 182, 3, 33.50%, 0, 0, 4, 119.80, 298083, 601
397, 0, 210, 482, 182, 3, 33.50%, 0, 0, 4, 38.77, 298428, 601
402, 0, 210, 482, 182, 3, 33.50%, 0, 0, 4, 92.59, 298877, 601
407, 0, 210, 482, 182, 3, 33.50%, 0, 0, 4, 120.13, 299529, 601
413, 0, 210, 482, 182, 3, 33.50%, 0, 0, 4, 121.33, 300143, 601
418, 0, 210, 482, 182, 3, 33.50%, 0, 0, 4, 126.40, 300795, 601
423, 0, 210, 482, 182, 3, 33.50%, 0, 0, 4, 111.41, 301321, 601
428, 0, 210, 482, 182, 3, 33.50%, 0, 0, 4, 85.70, 301838, 601
433, 0, 210, 482, 182, 3, 33.50%, 0, 0, 4, 105.78, 302325, 601
438, 0, 210, 482, 182, 3, 33.50%, 0, 0, 4, 122.43, 302973, 601
443, 0, 210, 482, 182, 3, 33.50%, 0, 0, 4, 126.13, 303623, 601
448, 0, 210, 482, 182, 3, 33.50%, 0, 0, 4, 127.82, 304273, 601
453, 0, 210, 482, 182, 3, 33.50%, 0, 0, 4, 128.23, 304929, 601
459, 0, 210, 482, 182, 3, 33.50%, 0, 0, 4, 129.76, 305597, 601
464, 0, 210, 483, 183, 3, 33.50%, 0, 0, 4, 127.40, 306251, 601
469, 0, 210, 483, 183, 3, 33.50%, 0, 0, 4, 124.36, 306887, 601
474, 0, 210, 483, 183, 3, 33.50%, 0, 0, 4, 120.08, 307469, 601
479, 0, 210, 483, 183, 3, 33.50%, 0, 0, 4, 126.17, 308121, 601
484, 0, 210, 483, 183, 3, 33.50%, 0, 0, 4, 124.21, 308741, 601
489, 0, 210, 483, 183, 3, 33.50%, 0, 0, 4, 124.03, 309385, 601
494, 0, 210, 483, 183, 3, 33.50%, 0, 0, 4, 119.84, 309951, 601
499, 0, 210, 483, 183, 3, 33.50%, 0, 0, 4, 120.21, 310565, 601
504, 0, 210, 483, 183, 3, 33.50%, 0, 0, 4, 116.23, 311081, 601
510, 0, 210, 483, 183, 3, 33.50%, 0, 0, 4, 125.16, 311733, 601
515, 0, 210, 483, 183, 3, 33.50%, 0, 0, 4, 126.97, 312303, 601
520, 0, 210, 483, 183, 3, 33.50%, 0, 0, 4, 129.61, 312887, 601
525, 0, 210, 483, 183, 3, 33.50%, 0, 0, 4, 8.70, 313380, 601
530, 0, 210, 483, 183, 3, 33.50%, 0, 0, 4, 10.99, 313457, 601
535, 0, 210, 483, 183, 3, 33.50%, 0, 0, 4, 94.83, 313750, 601
540, 0, 210, 483, 183, 3, 33.50%, 0, 0, 4, 117.32, 314363, 601
545, 0, 210, 483, 183, 3, 33.50%, 0, 0, 4, 125.13, 315013, 601
550, 0, 210, 483, 183, 3, 33.50%, 0, 0, 4, 125.98, 315623, 601
555, 0, 210, 483, 183, 3, 33.50%, 0, 0, 4, 129.89, 316209, 601
561, 0, 210, 483, 183, 3, 33.50%, 0, 0, 4, 128.71, 316767, 601
566, 0, 210, 483, 183, 3, 33.50%, 0, 0, 4, 126.84, 317423, 601
571, 0, 210, 483, 183, 3, 33.50%, 0, 0, 4, 120.54, 318013, 601
576, 0, 210, 483, 183, 3, 33.50%, 0, 0, 4, 121.73, 318583, 601
581, 0, 210, 483, 183, 3, 33.50%, 0, 0, 4, 31.24, 318787, 601
587, 0, 210, 483, 183, 3, 33.50%, 0, 0, 4, 36.29, 318885, 601
592, 0, 210, 483, 183, 3, 33.50%, 0, 0, 4, 58.47, 319223, 601
597, 0, 210, 483, 183, 3, 33.50%, 0, 0, 4, 3.93, 319623, 601
602, 0, 210, 483, 183, 3, 33.50%, 0, 0, 4, 26.31, 319778, 601
607, 0, 210, 483, 183, 3, 33.50%, 0, 0, 4, 56.62, 320027, 601
613, 0, 210, 483, 183, 3, 33.50%, 0, 0, 4, 106.84, 320657, 601
618, 0, 210, 483, 183, 3, 33.50%, 0, 0, 4, 119.69, 321271, 601
623, 0, 210, 483, 183, 3, 33.50%, 0, 0, 4, 126.73, 321925, 601
628, 0, 210, 483, 183, 3, 33.50%, 0, 0, 4, 119.98, 322547, 601
633, 0, 210, 483, 183, 3, 33.50%, 0, 0, 4, 123.34, 323171, 601
638, 0, 95, 483, 182, 4, 33.50%, 0, 0, 4, 735.90, 324480, 601
643, 0, 95, 483, 182, 4, 33.50%, 0, 0, 4, 918.21, 329326, 601
648, 0, 470, 484, 182, 4, 33.50%, 0, 0, 4, 887.10, 333751, 601
653, 0, 470, 484, 182, 4, 33.50%, 0, 0, 4, 937.13, 338159, 601
659, 0, 379, 484, 181, 3, 33.50%, 0, 0, 4, 871.32, 342351, 601
664, 0, 379, 484, 181, 3, 33.50%, 0, 0, 4, 933.23, 347143, 601
669, 0, 383, 484, 181, 3, 33.50%, 0, 0, 4, 934.09, 351807, 601
674, 0, 382, 484, 181, 3, 33.50%, 0, 0, 4, 943.76, 356723, 601
679, 0, 382, 484, 181, 3, 33.50%, 0, 0, 4, 940.37, 361439, 601
684, 0, 481, 484, 181, 3, 33.50%, 0, 0, 4, 147.93, 364935, 601
690, 0, 481, 485, 182, 3, 33.67%, 0, 0, 4, 24.33, 365530, 604
695, 0, 481, 485, 182, 3, 33.67%, 0, 0, 4, 146.59, 366315, 604
700, 0, 481, 485, 182, 3, 33.67%, 0, 0, 4, 150.00, 367095, 604
705, 0, 481, 485, 182, 3, 33.67%, 0, 0, 4, 146.95, 367847, 604
710, 0, 481, 485, 182, 3, 33.67%, 0, 0, 4, 150.08, 368629, 604
715, 0, 481, 485, 182, 3, 33.67%, 0, 0, 4, 118.87, 369333, 604
721, 0, 481, 485, 182, 3, 33.67%, 0, 0, 4, 8.10, 370047, 604
726, 0, 481, 485, 182, 3, 33.67%, 0, 0, 4, 154.20, 370660, 604
731, 0, 481, 485, 182, 3, 33.67%, 0, 0, 4, 59.37, 371307, 604
736, 0, 481, 485, 182, 3, 33.67%, 0, 0, 4, 130.75, 372041, 604
741, 0, 481, 485, 182, 3, 33.67%, 0, 0, 4, 147.65, 372833, 604
746, 0, 481, 485, 182, 3, 33.67%, 0, 0, 4, 150.64, 373615, 604
751, 0, 481, 485, 182, 3, 33.67%, 0, 0, 4, 151.36, 374374, 604
756, 0, 481, 485, 182, 3, 33.67%, 0, 0, 4, 151.87, 375139, 604
761, 0, 481, 485, 182, 3, 33.67%, 0, 0, 4, 144.80, 375797, 604
767, 0, 481, 485, 182, 3, 33.67%, 0, 0, 4, 8.51, 376032, 604
772, 0, 481, 485, 182, 3, 33.67%, 0, 0, 4, 0.61, 376076, 604
777, 0, 481, 485, 182, 3, 33.67%, 0, 0, 4, 127.93, 376629, 604
782, 0, 481, 485, 182, 3, 33.67%, 0, 0, 4, 143.10, 377361, 604
787, 0, 481, 485, 182, 3, 33.67%, 0, 0, 4, 109.28, 377881, 604
792, 0, 481, 485, 182, 3, 33.67%, 0, 0, 4, 100.71, 378210, 604
797, 0, 481, 485, 182, 3, 33.67%, 0, 0, 4, 139.89, 378961, 604
803, 0, 481, 485, 182, 3, 33.67%, 0, 0, 4, 151.04, 379753, 604
808, 0, 481, 485, 182, 3, 33.67%, 0, 0, 4, 152.10, 380500, 604
813, 0, 481, 485, 182, 3, 33.67%, 0, 0, 4, 152.46, 381277, 604
818, 0, 481, 486, 183, 3, 33.67%, 0, 0, 4, 151.35, 382020, 604
823, 0, 481, 486, 183, 3, 33.67%, 0, 0, 4, 139.19, 382673, 604
828, 0, 481, 486, 183, 3, 33.67%, 0, 0, 4, 147.49, 383407, 604
833, 0, 481, 486, 183, 3, 33.67%, 0, 0, 4, 153.32, 384192, 604
838, 0, 481, 486, 183, 3, 33.67%, 0, 0, 4, 152.39, 384966, 604
843, 0, 481, 487, 184, 3, 33.67%, 0, 0, 4, 153.03, 385721, 604
848, 0, 481, 487, 184, 3, 33.67%, 0, 0, 4, 153.00, 386504, 604
853, 0, 481, 487, 184, 3, 33.67%, 0, 0, 4, 152.45, 387278, 604
858, 0, 481, 487, 184, 3, 33.67%, 0, 0, 4, 137.93, 387774, 604
863, 0, 481, 487, 184, 3, 33.67%, 0, 0, 4, 141.12, 388487, 604
869, 0, 481, 487, 184, 3, 33.67%, 0, 0, 4, 144.26, 389191, 604
874, 0, 391, 487, 183, 4, 33.67%, 0, 0, 4, 984.80, 393355, 604
879, 0, 391, 487, 183, 4, 33.67%, 0, 0, 4, 990.43, 398333, 604
884, 0, 391, 487, 183, 4, 33.67%, 0, 0, 4, 1018.40, 403507, 604
889, 0, 391, 487, 183, 4, 33.67%, 0, 0, 4, 1016.94, 408687, 604
894, 0, 391, 487, 183, 4, 33.67%, 0, 0, 4, 1014.54, 413867, 604
899, 0, 379, 487, 183, 4, 33.67%, 0, 0, 4, 980.04, 418501, 604
904, 0, 379, 487, 183, 4, 33.67%, 0, 0, 4, 959.38, 423479, 604
909, 0, 379, 487, 183, 4, 33.67%, 0, 0, 4, 960.32, 428191, 604
914, 0, 379, 487, 183, 4, 33.67%, 0, 0, 4, 1015.22, 433523, 604
919, 0, 479, 487, 183, 4, 33.67%, 0, 0, 4, 1041.49, 438779, 604
925, 0, 479, 487, 183, 4, 33.67%, 0, 0, 4, 1000.83, 443859, 604
930, 0, 479, 487, 183, 4, 33.67%, 0, 0, 4, 984.62, 448853, 604
935, 0, 479, 487, 183, 4, 33.67%, 0, 0, 4, 962.35, 453717, 604
940, 0, 479, 487, 183, 4, 33.67%, 0, 0, 4, 992.80, 458714, 604
945, 0, 484, 487, 183, 4, 33.67%, 0, 0, 4, 62.04, 463136, 604
950, 0, 484, 487, 183, 4, 33.67%, 0, 0, 4, 113.83, 463783, 604
955, 0, 484, 487, 183, 4, 33.67%, 0, 0, 4, 123.58, 464425, 604
960, 0, 484, 487, 183, 4, 33.67%, 0, 0, 4, 126.32, 465075, 604
965, 0, 484, 487, 183, 4, 33.67%, 0, 0, 4, 127.31, 465725, 604
971, 0, 484, 487, 183, 4, 33.67%, 0, 0, 4, 127.10, 466375, 604
976, 0, 484, 487, 183, 4, 33.67%, 0, 0, 4, 127.12, 467025, 604
981, 0, 484, 487, 183, 4, 33.67%, 0, 0, 4, 127.42, 467675, 604
986, 0, 484, 487, 183, 4, 33.67%, 0, 0, 4, 126.07, 468321, 604
991, 0, 484, 487, 183, 4, 33.67%, 0, 0, 4, 127.52, 468971, 604
996, 0, 484, 487, 183, 4, 33.67%, 0, 0, 4, 127.02, 469619, 604
1001, 0, 484, 487, 183, 4, 33.67%, 0, 0, 4, 126.85, 470269, 604
1006, 0, 484, 487, 183, 4, 33.67%, 0, 0, 4, 126.13, 470919, 604
1012, 0, 484, 487, 183, 4, 33.67%, 0, 0, 4, 126.86, 471571, 604
1017, 0, 484, 487, 183, 4, 33.67%, 0, 0, 4, 128.33, 472223, 604
1022, 0, 484, 487, 183, 4, 33.67%, 0, 0, 4, 128.33, 472875, 604
1027, 0, 484, 487, 183, 4, 33.67%, 0, 0, 4, 128.62, 473525, 604
1032, 0, 484, 487, 183, 4, 33.67%, 0, 0, 4, 128.71, 474179, 604
1037, 0, 484, 487, 183, 4, 33.67%, 0, 0, 4, 128.68, 474831, 604
1042, 0, 484, 487, 183, 4, 33.67%, 0, 0, 4, 127.13, 475469, 604
1047, 0, 484, 487, 183, 4, 33.67%, 0, 0, 4, 127.57, 476119, 604
1052, 0, 484, 487, 183, 4, 33.67%, 0, 0, 4, 127.97, 476771, 604
1057, 0, 484, 487, 183, 4, 33.67%, 0, 0, 4, 127.82, 477421, 604
1062, 0, 484, 487, 183, 4, 33.67%, 0, 0, 4, 127.97, 478071, 604
1067, 0, 484, 487, 183, 4, 33.67%, 0, 0, 4, 123.21, 478707, 604
1073, 0, 484, 487, 183, 4, 33.67%, 0, 0, 4, 126.08, 479353, 604
1078, 0, 484, 487, 183, 4, 33.67%, 0, 0, 4, 120.63, 479953, 604
1083, 0, 484, 487, 183, 4, 33.67%, 0, 0, 4, 124.43, 480575, 604
1088, 0, 484, 487, 183, 4, 33.67%, 0, 0, 4, 127.51, 481227, 604
1093, 0, 484, 487, 183, 4, 33.67%, 0, 0, 4, 126.82, 481875, 604
1098, 0, 484, 487, 183, 4, 33.67%, 0, 0, 4, 127.34, 482525, 604
1103, 0, 484, 487, 183, 4, 33.67%, 0, 0, 4, 122.53, 483131, 604
1108, 0, 484, 487, 183, 4, 33.67%, 0, 0, 4, 125.95, 483753, 604
1113, 0, 484, 487, 183, 4, 33.67%, 0, 0, 4, 121.65, 484325, 604
1119, 0, 484, 487, 183, 4, 33.67%, 0, 0, 4, 124.68, 484869, 604
1124, 0, 484, 487, 183, 4, 33.67%, 0, 0, 4, 127.57, 485519, 604
1129, 0, 484, 487, 183, 4, 33.67%, 0, 0, 4, 126.21, 486097, 604
1135, 0, 484, 487, 183, 4, 33.67%, 0, 0, 4, 0.77, 486256, 604
1140, 0, 484, 487, 183, 4, 33.67%, 0, 0, 4, 26.97, 486477, 604
1146, 0, 484, 487, 183, 4, 33.67%, 0, 0, 4, 21.60, 486548, 604
1151, 0, 484, 487, 183, 4, 33.67%, 0, 0, 4, 87.78, 487014, 604
1156, 0, 484, 487, 183, 4, 33.67%, 0, 0, 4, 108.51, 487561, 604
1161, 0, 484, 487, 183, 4, 33.67%, 0, 0, 4, 121.39, 488199, 604
1166, 0, 484, 487, 183, 4, 33.67%, 0, 0, 4, 106.96, 488617, 604
1172, 0, 484, 487, 183, 4, 33.67%, 0, 0, 4, 19.62, 489082, 604
1177, 0, 484, 487, 183, 4, 33.67%, 0, 0, 4, 121.97, 489315, 604
1182, 0, 484, 487, 183, 4, 33.67%, 0, 0, 4, 120.34, 489907, 604
1187, 0, 484, 487, 183, 4, 33.67%, 0, 0, 4, 123.27, 490531, 604
1192, 0, 484, 487, 183, 4, 33.67%, 0, 0, 4, 125.64, 491151, 604
1198, 0, 484, 487, 183, 4, 33.67%, 0, 0, 4, 120.46, 491763, 604
1203, 0, 484, 487, 183, 4, 33.67%, 0, 0, 4, 120.98, 492377, 604
1208, 0, 484, 487, 183, 4, 33.67%, 0, 0, 4, 127.45, 492807, 604
1213, 0, 484, 487, 183, 4, 33.67%, 0, 0, 4, 126.43, 493453, 604
1218, 0, 484, 487, 183, 4, 33.67%, 0, 0, 4, 129.03, 494077, 604
1223, 0, 484, 487, 183, 4, 33.67%, 0, 0, 4, 124.89, 494719, 604
1228, 0, 484, 487, 183, 4, 33.67%, 0, 0, 4, 123.23, 495333, 604
1233, 0, 226, 487, 182, 3, 33.67%, 0, 0, 4, 904.01, 496384, 604
1238, 0, 226, 487, 182, 3, 33.67%, 0, 0, 4, 901.39, 501028, 604
1244, 0, 226, 487, 182, 3, 33.67%, 0, 0, 4, 865.53, 505415, 604
1249, 0, 226, 487, 182, 3, 33.67%, 0, 0, 4, 921.67, 510226, 604
1254, 0, 226, 487, 182, 3, 33.67%, 0, 0, 4, 71.77, 511635, 604
1259, 0, 226, 487, 182, 3, 33.67%, 0, 0, 4, 454.89, 512580, 604
1264, 0, 226, 487, 182, 3, 33.67%, 0, 0, 4, 868.09, 517570, 604
1270, 0, 226, 487, 182, 3, 33.67%, 0, 0, 4, 868.47, 521786, 604
1275, 0, 226, 487, 182, 3, 33.67%, 0, 0, 4, 986.32, 527004, 604
1280, 0, 459, 487, 181, 3, 33.67%, 0, 0, 4, 934.17, 531906, 604
1285, 0, 459, 487, 181, 3, 33.67%, 0, 0, 4, 922.16, 536532, 604
1290, 0, 379, 487, 181, 3, 33.67%, 0, 0, 4, 968.61, 541459, 604
1295, 0, 379, 487, 181, 3, 33.67%, 0, 0, 4, 948.16, 546004, 604
1300, 0, 379, 487, 181, 3, 33.67%, 0, 0, 4, 984.56, 550772, 604
1305, 0, 388, 487, 181, 3, 33.67%, 0, 0, 4, 950.07, 555487, 604
1310, 0, 388, 487, 181, 3, 33.67%, 0, 0, 4, 924.88, 560100, 604
1316, 0, 439, 487, 181, 3, 33.67%, 0, 0, 4, 984.11, 565161, 604
1321, 0, 439, 487, 181, 3, 33.67%, 0, 0, 4, 927.38, 569390, 604
1326, 0, 17, 487, 181, 3, 33.67%, 0, 0, 4, 987.88, 572597, 604
1331, 0, 17, 487, 181, 3, 33.67%, 0, 0, 4, 816.67, 576270, 604
1336, 0, 445, 487, 180, 3, 33.67%, 0, 0, 4, 855.44, 580206, 604
1341, 0, 445, 487, 180, 3, 33.67%, 0, 0, 4, 864.81, 584674, 604
1346, 0, 414, 487, 180, 3, 33.67%, 0, 0, 4, 928.88, 589292, 604
1351, 0, 387, 487, 180, 3, 33.67%, 0, 0, 4, 1008.10, 594630, 604
1356, 0, 387, 487, 180, 3, 33.67%, 0, 0, 4, 1028.69, 599870, 604
1361, 0, 479, 487, 180, 3, 33.67%, 0, 0, 4, 1025.44, 605062, 604
1366, 0, 479, 487, 180, 3, 33.67%, 0, 0, 4, 961.87, 609830, 604
1371, 0, 464, 487, 180, 3, 33.67%, 0, 0, 4, 965.03, 614678, 604
1377, 0, 383, 487, 180, 3, 33.67%, 0, 0, 4, 884.48, 619174, 604
1382, 0, 383, 487, 180, 3, 33.67%, 0, 0, 4, 856.97, 623373, 604
1387, 0, 485, 487, 180, 3, 33.67%, 0, 0, 4, 108.45, 627062, 604
1392, 0, 485, 487, 180, 3, 33.67%, 0, 0, 4, 123.17, 627702, 604
1397, 0, 485, 487, 180, 3, 33.67%, 0, 0, 4, 122.35, 628318, 604
1402, 0, 485, 487, 180, 3, 33.67%, 0, 0, 4, 119.24, 628860, 604
1408, 0, 485, 487, 180, 3, 33.67%, 0, 0, 4, 120.92, 629468, 604
1413, 0, 485, 487, 180, 3, 33.67%, 0, 0, 4, 115.54, 629998, 604
1418, 0, 485, 487, 180, 3, 33.67%, 0, 0, 4, 19.22, 630365, 604
1423, 0, 485, 487, 180, 3, 33.67%, 0, 0, 4, 101.31, 630740, 604
1428, 0, 485, 487, 180, 3, 33.67%, 0, 0, 4, 119.85, 631278, 604
1433, 0, 485, 487, 180, 3, 33.67%, 0, 0, 4, 122.58, 631914, 604
1438, 0, 485, 487, 180, 3, 33.67%, 0, 0, 4, 108.61, 632246, 604
1443, 0, 485, 487, 180, 3, 33.67%, 0, 0, 4, 112.30, 632790, 604
1448, 0, 485, 487, 180, 3, 33.67%, 0, 0, 4, 125.12, 633446, 604
1454, 0, 485, 487, 180, 3, 33.67%, 0, 0, 4, 122.06, 634062, 604
1459, 0, 485, 487, 180, 3, 33.67%, 0, 0, 4, 119.46, 634642, 604
1464, 0, 485, 487, 180, 3, 33.67%, 0, 0, 4, 126.20, 635294, 604
1469, 0, 485, 487, 180, 3, 33.67%, 0, 0, 4, 6.80, 635700, 604
1475, 0, 485, 487, 180, 3, 33.67%, 0, 0, 4, 10.53, 635757, 604
1480, 0, 485, 487, 180, 3, 33.67%, 0, 0, 4, 123.81, 636142, 604
1485, 0, 485, 487, 180, 3, 33.67%, 0, 0, 4, 125.85, 636792, 604
1490, 0, 485, 488, 181, 3, 33.67%, 0, 0, 4, 126.67, 637444, 604
1495, 0, 485, 488, 181, 3, 33.67%, 0, 0, 4, 124.26, 638062, 604
1500, 0, 485, 488, 181, 3, 33.67%, 0, 0, 4, 11.62, 638586, 604
1506, 0, 485, 488, 181, 3, 33.67%, 0, 0, 4, 2.33, 638618, 604
1511, 0, 485, 488, 181, 3, 33.67%, 0, 0, 4, 53.75, 638875, 604
1516, 0, 485, 488, 181, 3, 33.67%, 0, 0, 4, 125.65, 639502, 604
1521, 0, 485, 488, 181, 3, 33.67%, 0, 0, 4, 125.97, 640124, 604
1526, 0, 485, 488, 181, 3, 33.67%, 0, 0, 4, 125.21, 640652, 604
1532, 0, 485, 488, 181, 3, 33.67%, 0, 0, 4, 57.93, 640938, 604
1537, 0, 485, 488, 181, 3, 33.67%, 0, 0, 4, 5.29, 641047, 604
1543, 0, 485, 488, 181, 3, 33.67%, 0, 0, 4, 127.41, 641580, 604
1548, 0, 485, 488, 181, 3, 33.67%, 0, 0, 4, 125.15, 642198, 604
1553, 0, 485, 488, 181, 3, 33.67%, 0, 0, 4, 125.86, 642846, 604
1558, 0, 485, 488, 181, 3, 33.67%, 0, 0, 4, 124.36, 643468, 604
1563, 0, 485, 488, 181, 3, 33.67%, 0, 0, 4, 126.61, 644118, 604
1568, 0, 485, 488, 181, 3, 33.67%, 0, 0, 4, 119.30, 644696, 604
1573, 0, 485, 488, 181, 3, 33.67%, 0, 0, 4, 121.36, 645197, 604
1578, 0, 485, 488, 181, 3, 33.67%, 0, 0, 4, 127.21, 645822, 604
1583, 0, 485, 488, 181, 3, 33.67%, 0, 0, 4, 13.76, 646106, 604
1589, 0, 485, 488, 181, 3, 33.67%, 0, 0, 4, 29.42, 646143, 604
1594, 0, 485, 488, 181, 3, 33.67%, 0, 0, 4, 3.68, 646171, 604
1599, 0, 485, 488, 181, 3, 33.67%, 0, 0, 4, 4.18, 646197, 604
1604, 0, 485, 488, 181, 3, 33.67%, 0, 0, 4, 48.36, 646441, 604
1609, 0, 485, 488, 181, 3, 33.67%, 0, 0, 4, 48.23, 646588, 604
1614, 0, 485, 488, 181, 3, 33.67%, 0, 0, 4, 108.76, 646814, 604
1620, 0, 485, 488, 181, 3, 33.67%, 0, 0, 4, 122.30, 647442, 604
1625, 0, 485, 488, 181, 3, 33.67%, 0, 0, 4, 126.35, 648076, 604
1630, 0, 485, 488, 181, 3, 33.67%, 0, 0, 4, 123.78, 648702, 604
1635, 0, 485, 488, 181, 3, 33.67%, 0, 0, 4, 129.20, 649356, 604
1640, 0, 485, 488, 181, 3, 33.67%, 0, 0, 4, 8.87, 649855, 604
1645, 0, 485, 488, 181, 3, 33.67%, 0, 0, 4, 122.52, 650484, 604
1650, 0, 485, 488, 181, 3, 33.67%, 0, 0, 4, 127.85, 651156, 604
1655, 0, 197, 488, 180, 2, 33.67%, 0, 0, 4, 872.12, 653303, 604
1660, 0, 197, 488, 180, 2, 33.67%, 0, 0, 4, 955.61, 658356, 604
1666, 0, 197, 488, 180, 2, 33.67%, 0, 0, 4, 1004.93, 663732, 604
1671, 0, 197, 488, 180, 2, 33.67%, 0, 0, 4, 987.17, 668082, 604
1676, 0, 197, 488, 180, 2, 33.67%, 0, 0, 4, 961.82, 672661, 604
1681, 0, 479, 488, 180, 2, 33.67%, 0, 0, 4, 961.45, 677591, 604
1686, 0, 479, 488, 180, 2, 33.67%, 0, 0, 4, 1016.64, 682888, 604
1691, 0, 479, 488, 180, 2, 33.67%, 0, 0, 4, 986.80, 687737, 604
1696, 0, 479, 488, 180, 2, 33.67%, 0, 0, 4, 1050.96, 693208, 604
1701, 0, 479, 488, 180, 2, 33.67%, 0, 0, 4, 69.93, 696288, 604
1707, 0, 432, 488, 180, 2, 33.67%, 0, 0, 4, 998.33, 701483, 604
1712, 0, 432, 488, 180, 2, 33.67%, 0, 0, 4, 1090.48, 706402, 604
1717, 0, 432, 488, 180, 2, 33.67%, 0, 0, 4, 1040.41, 711540, 604
1722, 0, 432, 488, 180, 2, 33.67%, 0, 0, 4, 1117.10, 717292, 604
1727, 0, 432, 488, 180, 2, 33.67%, 0, 0, 4, 1112.64, 722924, 604
1732, 0, 479, 488, 180, 2, 33.67%, 0, 0, 4, 1076.72, 728430, 604
1737, 0, 479, 488, 180, 2, 33.67%, 0, 0, 4, 1127.91, 733904, 604
1742, 0, 479, 488, 180, 2, 33.67%, 0, 0, 4, 1131.68, 739668, 604
1748, 0, 479, 488, 180, 2, 33.67%, 0, 0, 4, 1146.74, 745520, 604
1753, 0, 382, 488, 180, 2, 33.67%, 0, 0, 4, 1165.08, 751397, 604
1758, 0, 382, 488, 180, 2, 33.67%, 0, 0, 4, 1221.50, 757752, 604
1763, 0, 382, 488, 180, 2, 33.67%, 0, 0, 4, 1191.79, 763794, 604
1768, 0, 382, 488, 180, 2, 33.67%, 0, 0, 4, 1133.78, 769458, 604
1773, 0, 381, 488, 180, 2, 33.67%, 0, 0, 4, 1069.75, 774789, 604
1778, 0, 381, 488, 180, 2, 33.67%, 0, 0, 4, 1073.53, 780291, 604
1783, 0, 381, 488, 180, 2, 33.67%, 0, 0, 4, 1056.38, 785562, 604
1788, 0, 381, 488, 180, 2, 33.67%, 0, 0, 4, 1085.63, 790308, 604
1793, 0, 381, 488, 180, 2, 33.67%, 0, 0, 4, 1076.68, 795789, 604
1799, 0, 379, 488, 180, 2, 33.67%, 0, 0, 4, 1001.23, 800452, 604
1804, 0, 379, 488, 180, 2, 33.67%, 0, 0, 4, 1006.41, 805368, 604
1809, 0, 379, 488, 180, 2, 33.67%, 0, 0, 4, 1059.93, 810306, 604
1814, 0, 379, 488, 180, 2, 33.67%, 0, 0, 4, 1012.15, 815128, 604
1819, 0, 379, 488, 180, 2, 33.67%, 0, 0, 4, 1043.57, 820388, 604
1824, 0, 466, 488, 180, 2, 33.67%, 0, 0, 4, 1034.51, 825844, 604
1829, 0, 466, 488, 180, 2, 33.67%, 0, 0, 4, 973.66, 830690, 604
1834, 0, 466, 488, 180, 2, 33.67%, 0, 0, 4, 1093.89, 836247, 604
1839, 0, 466, 488, 180, 2, 33.67%, 0, 0, 4, 1014.94, 841392, 604
1844, 0, 466, 488, 180, 2, 33.67%, 0, 0, 4, 1080.50, 846432, 604
1849, 0, 381, 488, 180, 2, 33.67%, 0, 0, 4, 1151.29, 852277, 604
1855, 0, 381, 488, 180, 2, 33.67%, 0, 0, 4, 1118.93, 857796, 604
1860, 0, 381, 488, 180, 2, 33.67%, 0, 0, 4, 1158.74, 863593, 604
1865, 0, 381, 488, 180, 2, 33.67%, 0, 0, 4, 1164.27, 869113, 604
1870, 0, 443, 488, 180, 2, 33.67%, 0, 0, 4, 178.42, 874320, 604
1875, 0, 443, 488, 180, 2, 33.67%, 0, 0, 4, 1082.61, 879519, 604
1880, 0, 443, 488, 180, 2, 33.67%, 0, 0, 4, 1136.40, 885298, 604
1885, 0, 443, 488, 180, 2, 33.67%, 0, 0, 4, 1148.96, 891113, 604
1890, 0, 443, 488, 180, 2, 33.67%, 0, 0, 4, 1051.37, 896096, 604
1895, 0, 312, 488, 180, 2, 33.67%, 0, 0, 4, 63.24, 897557, 604
1900, 0, 312, 490, 182, 2, 33.67%, 0, 0, 4, 64.18, 897853, 604
1906, 0, 312, 491, 183, 2, 33.67%, 0, 0, 4, 1.19, 898118, 604
1911, 0, 312, 491, 183, 2, 33.67%, 0, 0, 4, 21.79, 898189, 604
1916, 0, 312, 491, 183, 2, 33.67%, 0, 0, 4, 61.86, 898345, 604
1921, 0, 312, 491, 183, 2, 33.67%, 0, 0, 4, 60.19, 898660, 604
1926, 0, 312, 491, 183, 2, 33.67%, 0, 0, 4, 53.37, 898923, 604
1932, 0, 312, 491, 183, 2, 33.67%, 0, 0, 4, 50.48, 899172, 604
1937, 0, 312, 492, 184, 2, 33.67%, 0, 0, 4, 52.87, 899439, 604
1942, 0, 312, 492, 184, 2, 33.67%, 0, 0, 4, 60.46, 899737, 604
1947, 0, 312, 492, 184, 2, 33.67%, 0, 0, 4, 60.38, 900044, 604
1952, 0, 312, 492, 184, 2, 33.67%, 0, 0, 4, 61.99, 900364, 604
1957, 0, 312, 492, 184, 2, 33.67%, 0, 0, 4, 58.57, 900668, 604
1962, 0, 312, 492, 184, 2, 33.67%, 0, 0, 4, 61.89, 900983, 604
1968, 0, 312, 492, 184, 2, 33.67%, 0, 0, 4, 60.95, 901298, 604
1973, 0, 312, 492, 184, 2, 33.67%, 0, 0, 4, 60.06, 901602, 604
1978, 0, 312, 492, 184, 2, 33.67%, 0, 0, 4, 59.07, 901898, 604
1983, 0, 312, 492, 184, 2, 33.67%, 0, 0, 4, 59.39, 902200, 604
1988, 0, 312, 492, 184, 2, 33.67%, 0, 0, 4, 62.20, 902499, 604
1993, 0, 312, 492, 184, 2, 33.67%, 0, 0, 4, 61.63, 902810, 604
1998, 0, 312, 492, 184, 2, 33.67%, 0, 0, 4, 61.45, 903116, 604
2003, 0, 312, 492, 184, 2, 33.67%, 0, 0, 4, 60.13, 903393, 604
2008, 0, 312, 492, 184, 2, 33.67%, 0, 0, 4, 59.47, 903695, 604
2013, 0, 312, 492, 184, 2, 33.67%, 0, 0, 4, 61.61, 903923, 604
2018, 0, 312, 492, 184, 2, 33.67%, 0, 0, 4, 62.71, 904244, 604
2024, 0, 312, 492, 184, 2, 33.67%, 0, 0, 4, 60.83, 904552, 604
2029, 0, 312, 492, 184, 2, 33.67%, 0, 0, 4, 62.79, 904875, 604
2034, 0, 312, 493, 185, 2, 33.67%, 0, 0, 4, 61.56, 905173, 604
2039, 0, 312, 493, 185, 2, 33.67%, 0, 0, 4, 9.21, 905405, 604
2044, 0, 312, 493, 185, 2, 33.67%, 0, 0, 4, 62.99, 905575, 604
2049, 0, 312, 493, 185, 2, 33.67%, 0, 0, 4, 2.94, 905711, 604
2055, 0, 312, 493, 185, 2, 33.67%, 0, 0, 4, 36.72, 905776, 604
2060, 0, 312, 493, 185, 2, 33.67%, 0, 0, 4, 63.31, 905938, 604
2065, 0, 312, 493, 185, 2, 33.67%, 0, 0, 4, 63.19, 906264, 604
2070, 0, 312, 493, 185, 2, 33.67%, 0, 0, 4, 61.82, 906559, 604
2075, 0, 312, 493, 185, 2, 33.67%, 0, 0, 4, 63.69, 906892, 604
2080, 0, 312, 493, 185, 2, 33.67%, 0, 0, 4, 4.72, 907140, 604
2085, 0, 312, 493, 185, 2, 33.67%, 0, 0, 4, 4.24, 907381, 604
2090, 0, 312, 493, 185, 2, 33.67%, 0, 0, 4, 64.38, 907650, 604
2096, 0, 312, 493, 185, 2, 33.67%, 0, 0, 4, 54.95, 907832, 604
2101, 0, 312, 493, 185, 2, 33.67%, 0, 0, 4, 61.88, 908151, 604
2106, 0, 312, 493, 185, 2, 33.67%, 0, 0, 4, 6.67, 908251, 604
2111, 0, 312, 493, 185, 2, 33.67%, 0, 0, 4, 16.47, 908288, 604
2116, 0, 312, 493, 185, 2, 33.67%, 0, 0, 4, 59.65, 908581, 604
2121, 0, 312, 493, 185, 2, 33.67%, 0, 0, 4, 63.68, 908911, 604
2127, 0, 312, 493, 185, 2, 33.67%, 0, 0, 4, 65.29, 909232, 604
2132, 0, 312, 493, 185, 2, 33.67%, 0, 0, 4, 64.68, 909561, 604
2137, 0, 312, 493, 185, 2, 33.67%, 0, 0, 4, 63.29, 909859, 604
2142, 0, 312, 493, 185, 2, 33.67%, 0, 0, 4, 59.39, 910144, 604
2147, 0, 312, 493, 185, 2, 33.67%, 0, 0, 4, 62.11, 910436, 604
2152, 0, 312, 493, 185, 2, 33.67%, 0, 0, 4, 64.35, 910753, 604
2157, 0, 312, 493, 185, 2, 33.67%, 0, 0, 4, 62.20, 911048, 604
2162, 0, 312, 493, 185, 2, 33.67%, 0, 0, 4, 63.55, 911357, 604
2167, 0, 312, 493, 185, 2, 33.67%, 0, 0, 4, 62.81, 911670, 604
2172, 0, 312, 493, 185, 2, 33.67%, 0, 0, 4, 64.99, 912000, 604
2178, 0, 312, 493, 185, 2, 33.67%, 0, 0, 4, 63.51, 912323, 604
2183, 0, 312, 493, 185, 2, 33.67%, 0, 0, 4, 64.10, 912650, 604
2188, 0, 312, 493, 185, 2, 33.67%, 0, 0, 4, 58.58, 912930, 604
2193, 0, 312, 493, 185, 2, 33.67%, 0, 0, 4, 63.15, 913217, 604
2198, 0, 312, 493, 185, 2, 33.67%, 0, 0, 4, 35.03, 913507, 604
2203, 0, 312, 493, 185, 2, 33.67%, 0, 0, 4, 54.56, 913799, 604
2208, 0, 312, 493, 185, 2, 33.67%, 0, 0, 4, 5.67, 913975, 604
2213, 0, 312, 493, 185, 2, 33.67%, 0, 0, 4, 55.35, 914043, 604
2218, 0, 312, 493, 185, 2, 33.67%, 0, 0, 4, 8.86, 914127, 604
2224, 0, 312, 493, 185, 2, 33.67%, 0, 0, 4, 4.14, 914241, 604
2229, 0, 312, 493, 185, 2, 33.67%, 0, 0, 4, 2.75, 914267, 604
2234, 0, 312, 493, 185, 2, 33.67%, 0, 0, 4, 35.49, 914393, 604
2239, 0, 312, 493, 185, 2, 33.67%, 0, 0, 4, 57.26, 914722, 604
2244, 0, 312, 493, 185, 2, 33.67%, 0, 0, 4, 42.15, 914835, 604
2250, 0, 312, 493, 185, 2, 33.67%, 0, 0, 4, 56.59, 915121, 604
2255, 0, 312, 493, 185, 2, 33.67%, 0, 0, 4, 61.66, 915438, 604
2260, 0, 312, 493, 185, 2, 33.67%, 0, 0, 4, 64.54, 915724, 604
2265, 0, 312, 493, 185, 2, 33.67%, 0, 0, 4, 64.26, 916049, 604
2270, 0, 312, 493, 185, 2, 33.67%, 0, 0, 4, 58.47, 916311, 604
2275, 0, 312, 493, 185, 2, 33.67%, 0, 0, 4, 10.24, 916615, 604
2280, 0, 312, 493, 185, 2, 33.67%, 0, 0, 4, 7.26, 916661, 604
2286, 0, 312, 493, 185, 2, 33.67%, 0, 0, 4, 55.09, 916909, 604
2291, 0, 312, 493, 185, 2, 33.67%, 0, 0, 4, 65.00, 917195, 604
2296, 0, 312, 493, 185, 2, 33.67%, 0, 0, 4, 59.93, 917455, 604
2301, 0, 312, 493, 185, 2, 33.67%, 0, 0, 4, 59.94, 917775, 604
2306, 0, 312, 493, 185, 2, 33.67%, 0, 0, 4, 57.31, 918025, 604
2311, 0, 312, 493, 185, 2, 33.67%, 0, 0, 4, 62.35, 918349, 604
2317, 0, 312, 493, 185, 2, 33.67%, 0, 0, 4, 57.85, 918644, 604
2322, 0, 312, 493, 185, 2, 33.67%, 0, 0, 4, 63.20, 918965, 604
2327, 0, 312, 493, 185, 2, 33.67%, 0, 0, 4, 64.28, 919261, 604
2332, 0, 312, 493, 185, 2, 33.67%, 0, 0, 4, 64.30, 919575, 604
2337, 0, 312, 493, 185, 2, 33.67%, 0, 0, 4, 64.82, 919907, 604
2342, 0, 312, 493, 185, 2, 33.67%, 0, 0, 4, 65.01, 920237, 604
2347, 0, 312, 493, 185, 2, 33.67%, 0, 0, 4, 65.01, 920564, 604
2352, 0, 312, 493, 185, 2, 33.67%, 0, 0, 4, 64.92, 920897, 604
2357, 0, 312, 493, 185, 2, 33.67%, 0, 0, 4, 66.26, 921177, 604
2362, 0, 312, 493, 185, 2, 33.67%, 0, 0, 4, 9.78, 921454, 604
2367, 0, 312, 493, 185, 2, 33.67%, 0, 0, 4, 8.96, 921485, 604
2372, 0, 312, 493, 185, 2, 33.67%, 0, 0, 4, 39.96, 921694, 604
2377, 0, 312, 493, 185, 2, 33.67%, 0, 0, 4, 59.62, 922020, 604
2383, 0, 312, 493, 185, 2, 33.67%, 0, 0, 4, 63.49, 922346, 604
2388, 0, 312, 493, 185, 2, 33.67%, 0, 0, 4, 62.90, 922659, 604
2393, 0, 312, 493, 185, 2, 33.67%, 0, 0, 4, 62.37, 922970, 604
2398, 0, 312, 493, 185, 2, 33.67%, 0, 0, 4, 60.45, 923277, 604
2403, 0, 312, 493, 185, 2, 33.67%, 0, 0, 4, 60.51, 923569, 604
2408, 0, 312, 493, 185, 2, 33.67%, 0, 0, 4, 63.10, 923893, 604
2413, 0, 312, 493, 185, 2, 33.67%, 0, 0, 4, 10.01, 924128, 604
2419, 0, 312, 493, 185, 2, 33.67%, 0, 0, 4, 64.73, 924230, 604
2424, 0, 312, 493, 185, 2, 33.67%, 0, 0, 4, 5.06, 924452, 604
2429, 0, 312, 493, 185, 2, 33.67%, 0, 0, 4, 7.70, 924501, 604
2434, 0, 312, 493, 185, 2, 33.67%, 0, 0, 4, 23.05, 924612, 604
2440, 0, 312, 493, 185, 2, 33.67%, 0, 0, 4, 50.61, 924891, 604
2445, 0, 312, 493, 185, 2, 33.67%, 0, 0, 4, 57.43, 925187, 604
2450, 0, 312, 493, 185, 2, 33.67%, 0, 0, 4, 54.89, 925448, 604
2455, 0, 312, 493, 185, 2, 33.67%, 0, 0, 4, 60.69, 925758, 604
2460, 0, 312, 493, 185, 2, 33.67%, 0, 0, 4, 6.70, 925940, 604
2466, 0, 312, 493, 185, 2, 33.67%, 0, 0, 4, 58.90, 926231, 604
2471, 0, 312, 493, 185, 2, 33.67%, 0, 0, 4, 15.69, 926286, 604
2476, 0, 312, 493, 185, 2, 33.67%, 0, 0, 4, 51.05, 926452, 604
2481, 0, 312, 493, 185, 2, 33.67%, 0, 0, 4, 62.58, 926792, 604
2486, 0, 312, 493, 185, 2, 33.67%, 0, 0, 4, 64.77, 927118, 604
2491, 0, 312, 493, 185, 2, 33.67%, 0, 0, 4, 65.15, 927446, 604
2496, 0, 312, 494, 186, 2, 33.67%, 0, 0, 4, 65.37, 927779, 604
2501, 0, 312, 494, 186, 2, 33.67%, 0, 0, 4, 54.75, 928025, 604
2506, 0, 312, 494, 186, 2, 33.67%, 0, 0, 4, 55.60, 928297, 604
2511, 0, 312, 494, 186, 2, 33.67%, 0, 0, 4, 63.48, 928546, 604
2516, 0, 312, 494, 186, 2, 33.67%, 0, 0, 4, 64.47, 928876, 604
2522, 0, 312, 494, 186, 2, 33.67%, 0, 0, 4, 64.96, 929214, 604
2527, 0, 312, 494, 186, 2, 33.67%, 0, 0, 4, 64.65, 929519, 604
2532, 0, 312, 494, 186, 2, 33.67%, 0, 0, 4, 62.73, 929842, 604
2537, 0, 312, 494, 186, 2, 33.67%, 0, 0, 4, 64.57, 930178, 604
2542, 0, 407, 494, 185, 2, 33.67%, 0, 0, 4, 963.21, 935195, 604
2547, 0, 452, 494, 185, 2, 33.67%, 0, 0, 4, 997.11, 940431, 604
2553, 0, 452, 494, 185, 2, 33.67%, 0, 0, 4, 6.91, 941316, 604
2558, 0, 452, 494, 185, 2, 33.67%, 0, 0, 4, 975.88, 945477, 604
2564, 0, 413, 494, 185, 2, 33.67%, 0, 0, 4, 120.74, 950163, 604
2569, 0, 413, 495, 186, 2, 33.67%, 0, 0, 4, 989.34, 954859, 604
2574, 0, 498, 504, 195, 7, 33.95%, 0, 0, 4, 874.11, 959588, 609
2579, 0, 503, 504, 194, 6, 33.95%, 0, 0, 4, 1002.90, 964944, 609
2584, 0, 503, 504, 194, 6, 33.95%, 0, 0, 4, 1024.62, 970204, 609
2589, 0, 397, 504, 193, 5, 33.95%, 0, 0, 4, 1014.97, 975356, 609
2594, 0, 496, 504, 193, 5, 33.95%, 0, 0, 4, 1008.45, 980499, 609
2600, 0, 496, 505, 194, 5, 33.95%, 0, 0, 4, 972.48, 985687, 609
2605, 0, 77, 505, 193, 4, 33.95%, 0, 0, 4, 995.65, 990718, 609
2610, 0, 77, 505, 193, 4, 33.95%, 0, 0, 4, 998.13, 995753, 609
2615, 0, 8, 505, 192, 3, 33.95%, 0, 0, 4, 904.99, 999944, 609
2620, 0, 382, 505, 192, 3, 33.95%, 0, 0, 4, 822.35, 1004244, 609
2626, 0, 382, 505, 192, 3, 33.95%, 0, 0, 4, 88.89, 1008586, 609
2631, 0, 459, 505, 192, 3, 33.95%, 0, 0, 4, 898.24, 1012997, 609
2636, 0, 459, 505, 192, 3, 33.95%, 0, 0, 4, 850.10, 1016958, 609
2641, 0, 479, 505, 192, 3, 33.95%, 0, 0, 4, 805.08, 1020656, 609
2647, 0, 479, 505, 192, 3, 33.95%, 0, 0, 4, 894.12, 1025348, 609
2652, 0, 381, 505, 192, 3, 33.95%, 0, 0, 4, 978.91, 1030443, 609
2657, 0, 381, 505, 192, 3, 33.95%, 0, 0, 4, 1020.20, 1035955, 609
2662, 0, 467, 506, 193, 3, 34.00%, 0, 0, 4, 942.13, 1040678, 610
2667, 0, 467, 506, 193, 3, 34.00%, 0, 0, 4, 798.46, 1044584, 610
2672, 0, 505, 506, 193, 4, 34.00%, 0, 0, 4, 764.42, 1048352, 610
2677, 0, 505, 506, 193, 4, 34.00%, 0, 0, 4, 763.44, 1052162, 610
2682, 0, 379, 506, 192, 3, 34.00%, 0, 0, 4, 987.29, 1057285, 610
2687, 0, 379, 506, 192, 3, 34.00%, 0, 0, 4, 1030.32, 1062521, 610
2692, 0, 379, 506, 192, 3, 34.00%, 0, 0, 4, 987.13, 1067225, 610
2698, 0, 379, 506, 192, 3, 34.00%, 0, 0, 4, 1046.25, 1072673, 610
2703, 0, 501, 506, 192, 3, 34.00%, 0, 0, 4, 1043.68, 1078106, 610
2708, 0, 501, 506, 192, 3, 34.00%, 0, 0, 4, 979.09, 1083003, 610
2713, 0, 140, 506, 191, 2, 34.00%, 0, 0, 4, 996.50, 1088022, 610
2718, 0, 140, 506, 191, 2, 34.00%, 0, 0, 4, 1013.37, 1093158, 610
2723, 0, 383, 506, 191, 2, 34.00%, 0, 0, 4, 1031.45, 1098410, 610
2728, 0, 76, 506, 191, 2, 34.00%, 0, 0, 4, 995.66, 1103439, 610
2733, 0, 76, 506, 191, 2, 34.00%, 0, 0, 4, 947.28, 1108204, 610
2738, 0, 76, 506, 191, 2, 34.00%, 0, 0, 4, 955.71, 1113110, 610
2743, 0, 76, 506, 191, 2, 34.00%, 0, 0, 4, 924.62, 1116502, 610
2749, 0, 76, 506, 191, 2, 34.00%, 0, 0, 4, 932.35, 1121164, 610
2754, 0, 76, 506, 191, 2, 34.00%, 0, 0, 4, 964.96, 1126087, 610
2759, 0, 395, 506, 190, 2, 34.00%, 0, 0, 4, 1033.54, 1131316, 610
2764, 0, 395, 506, 190, 2, 34.00%, 0, 0, 4, 1041.15, 1136576, 610
2769, 0, 395, 506, 190, 2, 34.00%, 0, 0, 4, 1049.52, 1141856, 610
2774, 0, 395, 506, 190, 2, 34.00%, 0, 0, 4, 1023.82, 1147116, 610
2779, 0, 477, 506, 190, 2, 34.00%, 0, 0, 4, 1062.87, 1152379, 610
2784, 0, 477, 506, 190, 2, 34.00%, 0, 0, 4, 1075.00, 1157460, 610
2789, 0, 477, 506, 190, 2, 34.00%, 0, 0, 4, 1013.89, 1162272, 610
2794, 0, 477, 506, 190, 2, 34.00%, 0, 0, 4, 1020.27, 1167532, 610
2799, 0, 477, 506, 190, 2, 34.00%, 0, 0, 4, 1013.47, 1172652, 610
2804, 0, 383, 506, 190, 2, 34.00%, 0, 0, 4, 1012.39, 1177808, 610
2810, 0, 383, 506, 190, 2, 34.00%, 0, 0, 4, 1014.79, 1183048, 610
2815, 0, 383, 506, 190, 2, 34.00%, 0, 0, 4, 1007.79, 1188148, 610
2820, 0, 383, 506, 190, 2, 34.00%, 0, 0, 4, 998.73, 1193108, 610
2825, 0, 383, 506, 190, 2, 34.00%, 0, 0, 4, 1007.76, 1198068, 610
2830, 0, 386, 506, 190, 2, 34.00%, 0, 0, 4, 1037.73, 1203324, 610
2835, 0, 386, 506, 190, 2, 34.00%, 0, 0, 4, 1054.23, 1208650, 610
2840, 0, 386, 506, 190, 2, 34.00%, 0, 0, 4, 1076.98, 1214173, 610
2845, 0, 386, 506, 190, 2, 34.00%, 0, 0, 4, 1056.22, 1219402, 610
2850, 0, 386, 506, 190, 2, 34.00%, 0, 0, 4, 1092.16, 1225114, 610
2855, 0, 498, 506, 190, 2, 34.00%, 0, 0, 4, 1022.45, 1230280, 610
2861, 0, 498, 506, 190, 2, 34.00%, 0, 0, 4, 1010.31, 1235380, 610
2866, 0, 498, 506, 190, 2, 34.00%, 0, 0, 4, 978.88, 1240265, 610
2871, 0, 498, 506, 190, 2, 34.00%, 0, 0, 4, 971.55, 1244806, 610
2876, 0, 498, 506, 190, 2, 34.00%, 0, 0, 4, 1003.55, 1250020, 610
2881, 0, 379, 506, 190, 2, 34.00%, 0, 0, 4, 1011.26, 1255116, 610
2886, 0, 379, 506, 190, 2, 34.00%, 0, 0, 4, 1042.30, 1260576, 610
2891, 0, 379, 506, 190, 2, 34.00%, 0, 0, 4, 1047.15, 1265976, 610
2896, 0, 379, 506, 190, 2, 34.00%, 0, 0, 4, 1060.96, 1271347, 610
2901, 0, 431, 506, 190, 2, 34.00%, 0, 0, 4, 1035.91, 1276612, 610
2907, 0, 431, 506, 190, 2, 34.00%, 0, 0, 4, 1020.44, 1281792, 610
2912, 0, 431, 506, 190, 2, 34.00%, 0, 0, 4, 960.61, 1286225, 610
2917, 0, 431, 506, 190, 2, 34.00%, 0, 0, 4, 1001.52, 1291472, 610
2922, 0, 431, 506, 190, 2, 34.00%, 0, 0, 4, 984.87, 1295934, 610
2927, 0, 382, 506, 190, 2, 34.00%, 0, 0, 4, 1012.47, 1301028, 610
2932, 0, 382, 506, 190, 2, 34.00%, 0, 0, 4, 1014.67, 1306188, 610
2937, 0, 382, 506, 190, 2, 34.00%, 0, 0, 4, 968.13, 1310972, 610
2942, 0, 382, 506, 190, 2, 34.00%, 0, 0, 4, 980.45, 1315912, 610
2947, 0, 382, 506, 190, 2, 34.00%, 0, 0, 4, 973.58, 1320662, 610
2953, 0, 379, 506, 190, 2, 34.00%, 0, 0, 4, 1039.80, 1325804, 610
2958, 0, 379, 506, 190, 2, 34.00%, 0, 0, 4, 1039.25, 1331004, 610
2963, 0, 379, 506, 190, 2, 34.00%, 0, 0, 4, 1069.85, 1336444, 610
2968, 0, 379, 506, 190, 2, 34.00%, 0, 0, 4, 1053.54, 1341778, 610
2973, 0, 379, 506, 190, 2, 34.00%, 0, 0, 4, 1010.84, 1346804, 610
2978, 0, 479, 506, 190, 2, 34.00%, 0, 0, 4, 1020.22, 1352000, 610
2983, 0, 479, 506, 190, 2, 34.00%, 0, 0, 4, 1025.59, 1357220, 610
2988, 0, 479, 506, 190, 2, 34.00%, 0, 0, 4, 1011.49, 1362320, 610
2993, 0, 479, 506, 190, 2, 34.00%, 0, 0, 4, 1006.13, 1367460, 610
2998, 0, 479, 506, 190, 2, 34.00%, 0, 0, 4, 1011.36, 1372640, 610
3003, 0, 466, 506, 190, 2, 34.00%, 0, 0, 4, 994.59, 1377765, 610
3009, 0, 466, 506, 190, 2, 34.00%, 0, 0, 4, 975.66, 1382743, 610
3014, 0, 466, 506, 190, 2, 34.00%, 0, 0, 4, 1005.25, 1387336, 610
3019, 0, 466, 506, 190, 2, 34.00%, 0, 0, 4, 970.40, 1392176, 610
3024, 0, 466, 506, 190, 2, 34.00%, 0, 0, 4, 998.12, 1396613, 610
3029, 0, 426, 506, 190, 2, 34.00%, 0, 0, 4, 1005.30, 1401652, 610
3034, 0, 426, 506, 190, 2, 34.00%, 0, 0, 4, 1026.46, 1406752, 610
3039, 0, 426, 506, 190, 2, 34.00%, 0, 0, 4, 1040.89, 1411972, 610
3044, 0, 426, 506, 190, 2, 34.00%, 0, 0, 4, 1057.76, 1417312, 610
3049, 0, 426, 506, 190, 2, 34.00%, 0, 0, 4, 1031.95, 1422112, 610
3054, 0, 436, 506, 190, 2, 34.00%, 0, 0, 4, 178.07, 1427179, 610
3059, 0, 436, 506, 190, 2, 34.00%, 0, 0, 4, 976.28, 1431895, 610
3064, 0, 436, 506, 190, 2, 34.00%, 0, 0, 4, 1033.39, 1437148, 610
3070, 0, 436, 506, 190, 2, 34.00%, 0, 0, 4, 123.71, 1441908, 610
3075, 0, 381, 506, 190, 2, 34.00%, 0, 0, 4, 1004.58, 1446784, 610
3080, 0, 381, 506, 190, 2, 34.00%, 0, 0, 4, 1006.87, 1451584, 610
3085, 0, 381, 506, 190, 2, 34.00%, 0, 0, 4, 1067.14, 1454284, 610
3090, 0, 381, 506, 190, 2, 34.00%, 0, 0, 4, 1043.16, 1459364, 610
3095, 0, 381, 506, 190, 2, 34.00%, 0, 0, 4, 1021.65, 1464464, 610
3100, 0, 381, 506, 190, 2, 34.00%, 0, 0, 4, 1080.37, 1470118, 610
3105, 0, 379, 506, 190, 2, 34.00%, 0, 0, 4, 1075.62, 1475521, 610
3110, 0, 379, 506, 190, 2, 34.00%, 0, 0, 4, 1066.85, 1480918, 610
3116, 0, 379, 506, 190, 2, 34.00%, 0, 0, 4, 1058.01, 1486126, 610
3121, 0, 379, 506, 190, 2, 34.00%, 0, 0, 4, 87.91, 1490660, 610
3126, 0, 379, 506, 190, 2, 34.00%, 0, 0, 4, 1045.59, 1495640, 610
3131, 0, 367, 506, 190, 2, 34.00%, 0, 0, 4, 1091.92, 1501189, 610
3136, 0, 367, 506, 190, 2, 34.00%, 0, 0, 4, 1071.57, 1506586, 610
3141, 0, 367, 506, 190, 2, 34.00%, 0, 0, 4, 1073.33, 1512025, 610
3146, 0, 367, 506, 190, 2, 34.00%, 0, 0, 4, 1098.86, 1517800, 610
3151, 0, 371, 506, 190, 2, 34.00%, 0, 0, 4, 1057.12, 1522993, 610
3156, 0, 371, 506, 190, 2, 34.00%, 0, 0, 4, 1078.74, 1528453, 610
3161, 0, 371, 506, 190, 2, 34.00%, 0, 0, 4, 996.20, 1533353, 610
3166, 0, 371, 506, 190, 2, 34.00%, 0, 0, 4, 1008.30, 1538492, 610
3172, 0, 371, 506, 190, 2, 34.00%, 0, 0, 4, 1067.47, 1542838, 610
3177, 0, 498, 506, 190, 2, 34.00%, 0, 0, 4, 1065.69, 1548262, 610
3182, 0, 498, 506, 190, 2, 34.00%, 0, 0, 4, 965.79, 1552780, 610
3187, 0, 498, 506, 190, 2, 34.00%, 0, 0, 4, 938.36, 1557430, 610
3192, 0, 498, 506, 190, 2, 34.00%, 0, 0, 4, 1057.91, 1561975, 610
3197, 0, 498, 506, 190, 2, 34.00%, 0, 0, 4, 1012.46, 1566968, 610
3202, 0, 366, 506, 190, 2, 34.00%, 0, 0, 4, 989.56, 1571884, 610
3207, 0, 366, 506, 190, 2, 34.00%, 0, 0, 4, 1000.56, 1576273, 610
3212, 0, 366, 506, 190, 2, 34.00%, 0, 0, 4, 1022.94, 1581484, 610
3217, 0, 366, 506, 190, 2, 34.00%, 0, 0, 4, 992.43, 1585982, 610
3222, 0, 366, 506, 190, 2, 34.00%, 0, 0, 4, 1007.98, 1590564, 610
3227, 0, 420, 506, 190, 2, 34.00%, 0, 0, 4, 1024.79, 1595820, 610
3232, 0, 420, 506, 190, 2, 34.00%, 0, 0, 4, 995.19, 1600792, 610
3237, 0, 420, 506, 190, 2, 34.00%, 0, 0, 4, 1012.49, 1605980, 610
3242, 0, 420, 506, 190, 2, 34.00%, 0, 0, 4, 1057.21, 1611337, 610
3247, 0, 420, 506, 190, 2, 34.00%, 0, 0, 4, 1092.68, 1616881, 610
3252, 0, 372, 506, 190, 2, 34.00%, 0, 0, 4, 1163.74, 1622643, 610
3257, 0, 372, 506, 190, 2, 34.00%, 0, 0, 4, 1230.59, 1629148, 610
3263, 0, 372, 506, 190, 2, 34.00%, 0, 0, 4, 1093.70, 1634086, 610
3268, 0, 372, 506, 190, 2, 34.00%, 0, 0, 4, 1042.32, 1639116, 610
3273, 0, 410, 506, 190, 2, 34.00%, 0, 0, 4, 973.20, 1643883, 610
3278, 0, 410, 506, 190, 2, 34.00%, 0, 0, 4, 781.48, 1647577, 610
3283, 0, 410, 506, 190, 2, 34.00%, 0, 0, 4, 770.50, 1651492, 610
3288, 0, 410, 506, 190, 2, 34.00%, 0, 0, 4, 755.16, 1655302, 610
3293, 0, 410, 506, 190, 2, 34.00%, 0, 0, 4, 756.06, 1659097, 610
3298, 0, 410, 506, 190, 2, 34.00%, 0, 0, 4, 748.69, 1662876, 610
3303, 0, 410, 506, 190, 2, 34.00%, 0, 0, 4, 756.24, 1666657, 610
3308, 0, 479, 506, 190, 2, 34.00%, 0, 0, 4, 951.14, 1671634, 610
3313, 0, 479, 506, 190, 2, 34.00%, 0, 0, 4, 1033.86, 1676968, 610
3318, 0, 479, 506, 190, 2, 34.00%, 0, 0, 4, 1057.51, 1682335, 610
3323, 0, 479, 506, 190, 2, 34.00%, 0, 0, 4, 1025.80, 1687408, 610
3328, 0, 379, 506, 190, 2, 34.00%, 0, 0, 4, 1043.06, 1692624, 610
3334, 0, 379, 506, 190, 2, 34.00%, 0, 0, 4, 1109.26, 1698050, 610
3339, 0, 379, 506, 190, 2, 34.00%, 0, 0, 4, 1071.19, 1702795, 610
3344, 0, 379, 506, 190, 2, 34.00%, 0, 0, 4, 1076.98, 1707814, 610
3349, 0, 379, 506, 190, 2, 34.00%, 0, 0, 4, 1138.93, 1713626, 610
3354, 0, 444, 506, 190, 2, 34.00%, 0, 0, 4, 1079.40, 1718401, 610
3359, 0, 444, 506, 190, 2, 34.00%, 0, 0, 4, 1041.61, 1723679, 610
3364, 0, 444, 506, 190, 2, 34.00%, 0, 0, 4, 1006.84, 1727359, 610
3369, 0, 444, 506, 190, 2, 34.00%, 0, 0, 4, 1125.87, 1732785, 610
3374, 0, 444, 506, 190, 2, 34.00%, 0, 0, 4, 26.88, 1734899, 610
3380, 0, 444, 506, 190, 2, 34.00%, 0, 0, 4, 637.79, 1737235, 610
3385, 0, 474, 506, 189, 2, 34.00%, 0, 0, 4, 931.26, 1742413, 610
3390, 0, 474, 506, 189, 2, 34.00%, 0, 0, 4, 1059.97, 1747786, 610
3395, 0, 474, 506, 189, 2, 34.00%, 0, 0, 4, 1012.27, 1753075, 610
3400, 0, 474, 506, 189, 2, 34.00%, 0, 0, 4, 1072.04, 1758681, 610
3405, 0, 474, 506, 189, 2, 34.00%, 0, 0, 4, 1059.32, 1763175, 610
3410, 0, 479, 506, 189, 2, 34.00%, 0, 0, 4, 1144.70, 1769448, 610
3415, 0, 479, 506, 189, 2, 34.00%, 0, 0, 4, 1107.03, 1775073, 610
3420, 0, 479, 506, 189, 2, 34.00%, 0, 0, 4, 1018.11, 1779331, 610
3426, 0, 479, 506, 189, 2, 34.00%, 0, 0, 4, 1046.21, 1784831, 610
3431, 0, 479, 506, 189, 2, 34.00%, 0, 0, 4, 1029.54, 1789751, 610
3436, 0, 422, 506, 189, 2, 34.00%, 0, 0, 4, 1067.40, 1794943, 610
3441, 0, 422, 506, 189, 2, 34.00%, 0, 0, 4, 172.77, 1799035, 610
3446, 0, 422, 506, 189, 2, 34.00%, 0, 0, 4, 727.62, 1803035, 610
3451, 0, 422, 506, 189, 2, 34.00%, 0, 0, 4, 80.12, 1805494, 610
3456, 0, 422, 506, 189, 2, 34.00%, 0, 0, 4, 831.08, 1807515, 610
3461, 0, 422, 506, 189, 2, 34.00%, 0, 0, 4, 985.14, 1812810, 610
3467, 0, 392, 506, 189, 2, 34.00%, 0, 0, 4, 1026.26, 1818143, 610
3472, 0, 392, 506, 189, 2, 34.00%, 0, 0, 4, 1067.22, 1823656, 610
3477, 0, 392, 506, 189, 2, 34.00%, 0, 0, 4, 1029.81, 1828143, 610
3482, 0, 392, 506, 189, 2, 34.00%, 0, 0, 4, 1088.96, 1833925, 610
3487, 0, 392, 506, 189, 2, 34.00%, 0, 0, 4, 1085.20, 1839196, 610
3492, 0, 391, 506, 189, 2, 34.00%, 0, 0, 4, 1077.85, 1844557, 610
3497, 0, 391, 506, 189, 2, 34.00%, 0, 0, 4, 1105.33, 1849282, 610
3502, 0, 391, 506, 189, 2, 34.00%, 0, 0, 4, 1162.41, 1855044, 610
3508, 0, 391, 506, 189, 2, 34.00%, 0, 0, 4, 1218.21, 1861195, 610
3513, 0, 379, 506, 189, 2, 34.00%, 0, 0, 4, 1264.85, 1867580, 610
3518, 0, 379, 506, 189, 2, 34.00%, 0, 0, 4, 1272.92, 1874080, 610
3523, 0, 379, 506, 189, 2, 34.00%, 0, 0, 4, 1158.64, 1879919, 610
3528, 0, 379, 506, 189, 2, 34.00%, 0, 0, 4, 1121.87, 1885543, 610
3533, 0, 379, 506, 189, 2, 34.00%, 0, 0, 4, 1090.68, 1890979, 610
3538, 0, 379, 506, 189, 2, 34.00%, 0, 0, 4, 1093.21, 1896523, 610
3543, 0, 379, 506, 189, 2, 34.00%, 0, 0, 4, 1099.20, 1902067, 610
3548, 0, 379, 506, 189, 2, 34.00%, 0, 0, 4, 1090.32, 1907569, 610
3553, 0, 379, 506, 189, 2, 34.00%, 0, 0, 4, 1081.55, 1913050, 610
3558, 0, 422, 506, 189, 2, 34.00%, 0, 0, 4, 424.16, 1917648, 610
3563, 0, 422, 506, 189, 2, 34.00%, 0, 0, 4, 830.00, 1922033, 610
3568, 0, 422, 506, 189, 2, 34.00%, 0, 0, 4, 953.42, 1926469, 610
3573, 0, 422, 506, 189, 2, 34.00%, 0, 0, 4, 1017.16, 1931667, 610
3578, 0, 422, 506, 189, 2, 34.00%, 0, 0, 4, 900.97, 1936117, 610
3584, 0, 379, 506, 189, 2, 34.00%, 0, 0, 4, 855.26, 1940204, 610
3589, 0, 379, 506, 189, 2, 34.00%, 0, 0, 4, 874.25, 1944590, 610
3594, 0, 379, 506, 189, 2, 34.00%, 0, 0, 4, 877.06, 1948942, 610
3599, 0, 379, 506, 189, 2, 34.00%, 0, 0, 4, 979.24, 1954072, 610
3604, 0, 379, 506, 189, 2, 34.00%, 0, 0, 4, 982.49, 1959164, 610
3609, 0, 479, 506, 189, 2, 34.00%, 0, 0, 4, 989.32, 1964322, 610
3615, 0, 479, 506, 189, 2, 34.00%, 0, 0, 4, 832.12, 1968758, 610
3620, 0, 479, 506, 189, 2, 34.00%, 0, 0, 4, 844.32, 1973083, 610
3625, 0, 479, 506, 189, 2, 34.00%, 0, 0, 4, 927.26, 1977871, 610
3630, 0, 479, 506, 189, 2, 34.00%, 0, 0, 4, 807.28, 1981819, 610
3635, 0, 479, 506, 189, 2, 34.00%, 0, 0, 4, 816.08, 1985867, 610
3640, 0, 383, 506, 189, 2, 34.00%, 0, 0, 4, 952.85, 1990927, 610
3645, 0, 383, 506, 189, 2, 34.00%, 0, 0, 4, 984.65, 1995928, 610
3650, 0, 383, 506, 189, 2, 34.00%, 0, 0, 4, 954.81, 2000792, 610
3655, 0, 383, 506, 189, 2, 34.00%, 0, 0, 4, 966.88, 2005713, 610
3660, 0, 383, 506, 189, 2, 34.00%, 0, 0, 4, 986.43, 2010710, 610
3666, 0, 389, 506, 189, 2, 34.00%, 0, 0, 4, 1000.25, 2015931, 610
3671, 0, 389, 506, 189, 2, 34.00%, 0, 0, 4, 996.80, 2020884, 610
3676, 0, 389, 506, 189, 2, 34.00%, 0, 0, 4, 1000.68, 2026090, 610
3681, 0, 389, 506, 189, 2, 34.00%, 0, 0, 4, 1010.46, 2031231, 610
3686, 0, 389, 506, 189, 2, 34.00%, 0, 0, 4, 1006.64, 2036371, 610
3691, 0, 379, 506, 189, 2, 34.00%, 0, 0, 4, 996.65, 2041394, 610
3696, 0, 379, 506, 189, 2, 34.00%, 0, 0, 4, 985.38, 2046391, 610
3701, 0, 379, 506, 189, 2, 34.00%, 0, 0, 4, 992.14, 2051388, 610
3706, 0, 379, 506, 189, 2, 34.00%, 0, 0, 4, 1032.89, 2056607, 610
3711, 0, 414, 506, 189, 2, 34.00%, 0, 0, 4, 1026.38, 2061823, 610
3716, 0, 414, 506, 189, 2, 34.00%, 0, 0, 4, 958.65, 2066730, 610
3721, 0, 414, 506, 189, 2, 34.00%, 0, 0, 4, 932.27, 2071225, 610
3726, 0, 414, 506, 189, 2, 34.00%, 0, 0, 4, 934.61, 2075797, 610
3731, 0, 414, 506, 189, 2, 34.00%, 0, 0, 4, 965.71, 2080714, 610
3736, 0, 291, 506, 189, 2, 34.00%, 0, 0, 4, 1017.73, 2085956, 610
3742, 0, 291, 506, 189, 2, 34.00%, 0, 0, 4, 909.85, 2090420, 610
3747, 0, 291, 506, 189, 2, 34.00%, 0, 0, 4, 873.96, 2094786, 610
3752, 0, 291, 506, 189, 2, 34.00%, 0, 0, 4, 4.90, 2098188, 610
3757, 0, 291, 506, 189, 2, 34.00%, 0, 0, 4, 5.13, 2098215, 610
3762, 0, 291, 506, 189, 2, 34.00%, 0, 0, 4, 4.75, 2098231, 610
3767, 0, 291, 506, 189, 2, 34.00%, 0, 0, 4, 703.50, 2102455, 610
3772, 0, 291, 506, 189, 2, 34.00%, 0, 0, 4, 768.20, 2106431, 610
3778, 0, 291, 506, 189, 2, 34.00%, 0, 0, 4, 813.41, 2110768, 610
3783, 0, 291, 506, 189, 2, 34.00%, 0, 0, 4, 785.95, 2114681, 610
3788, 0, 383, 506, 188, 2, 34.00%, 0, 0, 4, 811.83, 2118832, 610
3793, 0, 383, 506, 188, 2, 34.00%, 0, 0, 4, 873.95, 2123304, 610
3798, 0, 393, 506, 188, 2, 34.00%, 0, 0, 4, 929.55, 2128068, 610
3803, 0, 393, 506, 188, 2, 34.00%, 0, 0, 4, 1006.28, 2133176, 610
3808, 0, 498, 506, 188, 2, 34.00%, 0, 0, 4, 1022.86, 2138428, 610
3813, 0, 498, 506, 188, 2, 34.00%, 0, 0, 4, 964.60, 2143117, 610
3818, 0, 505, 506, 188, 2, 34.00%, 0, 0, 4, 932.40, 2147800, 610
3823, 0, 383, 506, 188, 2, 34.00%, 0, 0, 4, 966.52, 2152623, 610
3828, 0, 383, 506, 188, 2, 34.00%, 0, 0, 4, 1039.05, 2158072, 610
3833, 0, 485, 506, 188, 2, 34.00%, 0, 0, 4, 74.01, 2159806, 610
3838, 0, 485, 506, 188, 2, 34.00%, 0, 0, 4, 113.98, 2160416, 610
3844, 0, 485, 506, 188, 2, 34.00%, 0, 0, 4, 106.38, 2160968, 610
3849, 0, 485, 506, 188, 2, 34.00%, 0, 0, 4, 17.89, 2161075, 610
3854, 0, 485, 506, 188, 2, 34.00%, 0, 0, 4, 48.31, 2161163, 610
3859, 0, 485, 506, 188, 2, 34.00%, 0, 0, 4, 103.12, 2161758, 610
3864, 0, 485, 506, 188, 2, 34.00%, 0, 0, 4, 3.24, 2161808, 610
3869, 0, 485, 506, 188, 2, 34.00%, 0, 0, 4, 128.09, 2162248, 610
3874, 0, 485, 506, 188, 2, 34.00%, 0, 0, 4, 126.51, 2162840, 610
3879, 0, 485, 506, 188, 2, 34.00%, 0, 0, 4, 128.51, 2163496, 610
3886, 0, 485, 506, 188, 2, 34.00%, 0, 0, 4, 7.19, 2163714, 610
3891, 0, 485, 506, 188, 2, 34.00%, 0, 0, 4, 124.99, 2164266, 610
3896, 0, 485, 506, 188, 2, 34.00%, 0, 0, 4, 126.70, 2164916, 610
3901, 0, 485, 506, 188, 2, 34.00%, 0, 0, 4, 114.59, 2165450, 610
3906, 0, 485, 506, 188, 2, 34.00%, 0, 0, 4, 125.99, 2166104, 610
3913, 0, 485, 506, 188, 2, 34.00%, 0, 0, 4, 3.11, 2166145, 610
3944, 0, 485, 506, 188, 2, 34.00%, 0, 0, 4, 0.03, 2166155, 610
3949, 0, 485, 506, 188, 2, 34.00%, 0, 0, 4, 124.17, 2166802, 610
3954, 0, 485, 506, 188, 2, 34.00%, 0, 0, 4, 126.10, 2167452, 610
3960, 0, 485, 506, 188, 2, 34.00%, 0, 0, 4, 121.29, 2168094, 610
3965, 0, 485, 506, 188, 2, 34.00%, 0, 0, 4, 9.01, 2168674, 610
3970, 0, 485, 506, 188, 2, 34.00%, 0, 0, 4, 116.99, 2169250, 610
3975, 0, 485, 506, 188, 2, 34.00%, 0, 0, 4, 123.97, 2169868, 610
3980, 0, 485, 506, 188, 2, 34.00%, 0, 0, 4, 127.88, 2170528, 610
3985, 0, 485, 506, 188, 2, 34.00%, 0, 0, 4, 126.37, 2171050, 610
3990, 0, 485, 506, 188, 2, 34.00%, 0, 0, 4, 115.93, 2171630, 610
3995, 0, 485, 506, 188, 2, 34.00%, 0, 0, 4, 47.48, 2171775, 610
4001, 0, 485, 506, 188, 2, 34.00%, 0, 0, 4, 96.57, 2172239, 610
4006, 0, 485, 506, 188, 2, 34.00%, 0, 0, 4, 17.34, 2172617, 610
4011, 0, 485, 506, 188, 2, 34.00%, 0, 0, 4, 65.00, 2172724, 610
4016, 0, 485, 506, 188, 2, 34.00%, 0, 0, 4, 107.69, 2173312, 610
4022, 0, 485, 506, 188, 2, 34.00%, 0, 0, 4, 120.23, 2173836, 610
4027, 0, 485, 506, 188, 2, 34.00%, 0, 0, 4, 127.69, 2174498, 610
4032, 0, 485, 506, 188, 2, 34.00%, 0, 0, 4, 129.56, 2175116, 610
4037, 0, 485, 506, 188, 2, 34.00%, 0, 0, 4, 23.61, 2175254, 610
4042, 0, 485, 506, 188, 2, 34.00%, 0, 0, 4, 80.08, 2175635, 610
4047, 0, 485, 506, 188, 2, 34.00%, 0, 0, 4, 119.42, 2176234, 610
4052, 0, 485, 506, 188, 2, 34.00%, 0, 0, 4, 129.19, 2176850, 610
4057, 0, 485, 506, 188, 2, 34.00%, 0, 0, 4, 9.24, 2177307, 610
4063, 0, 485, 506, 188, 2, 34.00%, 0, 0, 4, 17.10, 2177354, 610
4068, 0, 485, 506, 188, 2, 34.00%, 0, 0, 4, 109.29, 2177742, 610
4073, 0, 485, 506, 188, 2, 34.00%, 0, 0, 4, 116.74, 2178330, 610
4078, 0, 485, 506, 188, 2, 34.00%, 0, 0, 4, 125.61, 2178980, 610
4083, 0, 485, 506, 188, 2, 34.00%, 0, 0, 4, 124.74, 2179538, 610
4088, 0, 485, 506, 188, 2, 34.00%, 0, 0, 4, 102.44, 2180018, 610
4093, 0, 485, 506, 188, 2, 34.00%, 0, 0, 4, 10.08, 2180085, 610
4098, 0, 485, 506, 188, 2, 34.00%, 0, 0, 4, 95.61, 2180461, 610
4103, 0, 485, 506, 188, 2, 34.00%, 0, 0, 4, 121.87, 2181116, 610
4109, 0, 485, 506, 188, 2, 34.00%, 0, 0, 4, 124.11, 2181666, 610
4114, 0, 485, 506, 188, 2, 34.00%, 0, 0, 4, 4.33, 2182108, 610
4120, 0, 485, 506, 188, 2, 34.00%, 0, 0, 4, 5.88, 2182151, 610
4125, 0, 485, 506, 188, 2, 34.00%, 0, 0, 4, 75.00, 2182315, 610
4130, 0, 485, 506, 188, 2, 34.00%, 0, 0, 4, 110.04, 2182856, 610
4135, 0, 485, 506, 188, 2, 34.00%, 0, 0, 4, 11.47, 2183170, 610
4140, 0, 485, 506, 188, 2, 34.00%, 0, 0, 4, 127.23, 2183768, 610
4145, 0, 430, 506, 188, 2, 34.00%, 0, 0, 4, 1013.73, 2186860, 610
4150, 0, 430, 506, 188, 2, 34.00%, 0, 0, 4, 1010.77, 2191980, 610
4156, 0, 430, 506, 188, 2, 34.00%, 0, 0, 4, 1023.45, 2197240, 610
4161, 0, 430, 506, 188, 2, 34.00%, 0, 0, 4, 1029.18, 2202520, 610
4166, 0, 430, 506, 188, 2, 34.00%, 0, 0, 4, 1011.60, 2207600, 610
4171, 0, 379, 506, 188, 2, 34.00%, 0, 0, 4, 978.22, 2212551, 610
4176, 0, 379, 506, 188, 2, 34.00%, 0, 0, 4, 973.35, 2217616, 610
4181, 0, 379, 506, 188, 2, 34.00%, 0, 0, 4, 987.65, 2222849, 610
4186, 0, 379, 506, 188, 2, 34.00%, 0, 0, 4, 982.42, 2227827, 610
4192, 0, 386, 506, 188, 2, 34.00%, 0, 0, 4, 1040.50, 2233312, 610
4197, 0, 386, 506, 188, 2, 34.00%, 0, 0, 4, 1040.07, 2238552, 610
4202, 0, 386, 506, 188, 2, 34.00%, 0, 0, 4, 1042.88, 2243972, 610
4207, 0, 386, 506, 188, 2, 34.00%, 0, 0, 4, 1020.24, 2249232, 610
4212, 0, 386, 506, 188, 2, 34.00%, 0, 0, 4, 1038.00, 2254392, 610
4217, 0, 475, 506, 188, 2, 34.00%, 0, 0, 4, 1022.66, 2259408, 610
4222, 0, 475, 506, 188, 2, 34.00%, 0, 0, 4, 1029.12, 2264508, 610
4240, 0, 475, 506, 188, 2, 34.00%, 0, 0, 4, 7.07, 2269388, 610
4245, 0, 475, 506, 188, 2, 34.00%, 0, 0, 4, 1008.17, 2274508, 610
4250, 0, 475, 506, 188, 2, 34.00%, 0, 0, 4, 1058.85, 2280089, 610
4255, 0, 379, 506, 188, 2, 34.00%, 0, 0, 4, 1027.18, 2285264, 610
4260, 0, 379, 506, 188, 2, 34.00%, 0, 0, 4, 1015.37, 2290424, 610
4266, 0, 379, 506, 188, 2, 34.00%, 0, 0, 4, 1020.46, 2295704, 610
4271, 0, 379, 506, 188, 2, 34.00%, 0, 0, 4, 1013.78, 2300764, 610
4276, 0, 379, 506, 188, 2, 34.00%, 0, 0, 4, 1021.45, 2306004, 610
4281, 0, 459, 506, 188, 2, 34.00%, 0, 0, 4, 903.41, 2310542, 610
4286, 0, 459, 506, 188, 2, 34.00%, 0, 0, 4, 856.99, 2314865, 610
4291, 0, 459, 506, 188, 2, 34.00%, 0, 0, 4, 833.27, 2319008, 610
4296, 0, 459, 506, 188, 2, 34.00%, 0, 0, 4, 857.65, 2323467, 610
4301, 0, 459, 506, 188, 2, 34.00%, 0, 0, 4, 851.90, 2327802, 610
4306, 0, 503, 506, 188, 2, 34.00%, 0, 0, 4, 863.50, 2332029, 610
4312, 0, 503, 506, 188, 2, 34.00%, 0, 0, 4, 980.00, 2336490, 610
4317, 0, 503, 506, 188, 2, 34.00%, 0, 0, 4, 976.32, 2340922, 610
4322, 0, 503, 506, 188, 2, 34.00%, 0, 0, 4, 926.92, 2345486, 610
4327, 0, 503, 506, 188, 2, 34.00%, 0, 0, 4, 975.07, 2350460, 610
4332, 0, 503, 506, 188, 2, 34.00%, 0, 0, 4, 989.32, 2355419, 610
4337, 0, 400, 506, 188, 2, 34.00%, 0, 0, 4, 996.26, 2360463, 610
4342, 0, 400, 506, 188, 2, 34.00%, 0, 0, 4, 992.12, 2365422, 610
4347, 0, 400, 506, 188, 2, 34.00%, 0, 0, 4, 998.62, 2370438, 610
4352, 0, 400, 506, 188, 2, 34.00%, 0, 0, 4, 994.87, 2375454, 610
4357, 0, 400, 506, 188, 2, 34.00%, 0, 0, 4, 1004.03, 2380252, 610
4362, 0, 453, 506, 188, 2, 34.00%, 0, 0, 4, 997.59, 2385248, 610
4367, 0, 453, 506, 188, 2, 34.00%, 0, 0, 4, 993.48, 2390188, 610
4372, 0, 453, 506, 188, 2, 34.00%, 0, 0, 4, 944.26, 2394976, 610
4377, 0, 453, 506, 188, 2, 34.00%, 0, 0, 4, 885.78, 2399235, 610
4382, 0, 453, 506, 188, 2, 34.00%, 0, 0, 4, 828.61, 2403360, 610
4387, 0, 379, 506, 188, 2, 34.00%, 0, 0, 4, 898.44, 2407831, 610
4392, 0, 379, 506, 188, 2, 34.00%, 0, 0, 4, 950.96, 2412428, 610
4397, 0, 379, 506, 188, 2, 34.00%, 0, 0, 4, 982.20, 2417310, 610
4402, 0, 379, 506, 188, 2, 34.00%, 0, 0, 4, 1001.31, 2422364, 610
4408, 0, 379, 506, 188, 2, 34.00%, 0, 0, 4, 981.63, 2427504, 610
4413, 0, 379, 506, 188, 2, 34.00%, 0, 0, 4, 914.49, 2431910, 610
4418, 0, 379, 506, 188, 2, 34.00%, 0, 0, 4, 1016.52, 2437340, 610
4423, 0, 379, 506, 188, 2, 34.00%, 0, 0, 4, 1015.93, 2441600, 610
4428, 0, 379, 506, 188, 2, 34.00%, 0, 0, 4, 998.23, 2446674, 610
4433, 0, 379, 506, 188, 2, 34.00%, 0, 0, 4, 996.26, 2451424, 610
4438, 0, 498, 506, 188, 2, 34.00%, 0, 0, 4, 1112.37, 2456858, 610
4443, 0, 498, 506, 188, 2, 34.00%, 0, 0, 4, 1079.47, 2462207, 610
4449, 0, 498, 506, 188, 2, 34.00%, 0, 0, 4, 1039.52, 2467576, 610
4454, 0, 498, 506, 188, 2, 34.00%, 0, 0, 4, 1021.33, 2472776, 610
4459, 0, 498, 506, 188, 2, 34.00%, 0, 0, 4, 1025.46, 2478056, 610
4464, 0, 379, 506, 188, 2, 34.00%, 0, 0, 4, 1025.81, 2483232, 610
4469, 0, 379, 506, 188, 2, 34.00%, 0, 0, 4, 897.06, 2487578, 610
4474, 0, 379, 506, 188, 2, 34.00%, 0, 0, 4, 1002.67, 2492881, 610
4479, 0, 379, 506, 188, 2, 34.00%, 0, 0, 4, 1036.91, 2498152, 610
4484, 0, 379, 506, 188, 2, 34.00%, 0, 0, 4, 1048.99, 2503412, 610
4489, 0, 430, 506, 188, 2, 34.00%, 0, 0, 4, 996.90, 2508368, 610
4494, 0, 430, 506, 188, 2, 34.00%, 0, 0, 4, 986.60, 2513277, 610
4499, 0, 430, 506, 188, 2, 34.00%, 0, 0, 4, 1002.42, 2518108, 610
4504, 0, 430, 506, 188, 2, 34.00%, 0, 0, 4, 986.52, 2523100, 610
4509, 0, 430, 506, 188, 2, 34.00%, 0, 0, 4, 978.45, 2528116, 610
4515, 0, 474, 506, 188, 2, 34.00%, 0, 0, 4, 954.78, 2533046, 610
4520, 0, 474, 506, 188, 2, 34.00%, 0, 0, 4, 976.40, 2538024, 610
4525, 0, 474, 506, 188, 2, 34.00%, 0, 0, 4, 960.20, 2542755, 610
4530, 0, 474, 506, 188, 2, 34.00%, 0, 0, 4, 989.01, 2547733, 610
4535, 0, 379, 506, 188, 2, 34.00%, 0, 0, 4, 1018.12, 2552920, 610
4540, 0, 379, 506, 188, 2, 34.00%, 0, 0, 4, 1018.72, 2558280, 610
4545, 0, 379, 506, 188, 2, 34.00%, 0, 0, 4, 1019.56, 2563480, 610
4550, 0, 379, 506, 188, 2, 34.00%, 0, 0, 4, 919.42, 2567912, 610
4556, 0, 379, 506, 188, 2, 34.00%, 0, 0, 4, 992.13, 2573145, 610
4561, 0, 379, 506, 188, 2, 34.00%, 0, 0, 4, 1018.80, 2578296, 610
4566, 0, 379, 506, 188, 2, 34.00%, 0, 0, 4, 981.94, 2582958, 610
4571, 0, 379, 506, 188, 2, 34.00%, 0, 0, 4, 1021.83, 2588216, 610
4576, 0, 379, 506, 188, 2, 34.00%, 0, 0, 4, 1045.00, 2593205, 610
4581, 0, 379, 506, 188, 2, 34.00%, 0, 0, 4, 1016.54, 2598316, 610
4586, 0, 383, 506, 188, 2, 34.00%, 0, 0, 4, 1000.94, 2603392, 610
4591, 0, 383, 506, 188, 2, 34.00%, 0, 0, 4, 998.17, 2608427, 610
4596, 0, 383, 506, 188, 2, 34.00%, 0, 0, 4, 1006.25, 2613632, 610
4601, 0, 383, 506, 188, 2, 34.00%, 0, 0, 4, 1022.37, 2618872, 610
4606, 0, 383, 506, 188, 2, 34.00%, 0, 0, 4, 1016.20, 2624132, 610
4612, 0, 505, 506, 188, 2, 34.00%, 0, 0, 4, 947.61, 2628956, 610
4617, 0, 505, 506, 188, 2, 34.00%, 0, 0, 4, 917.50, 2633522, 610
4622, 0, 505, 506, 188, 2, 34.00%, 0, 0, 4, 904.80, 2638130, 610
4627, 0, 505, 506, 188, 2, 34.00%, 0, 0, 4, 893.01, 2642598, 610
4632, 0, 505, 506, 188, 2, 34.00%, 0, 0, 4, 897.02, 2647086, 610
4637, 0, 379, 506, 188, 2, 34.00%, 0, 0, 4, 923.29, 2651690, 610
4642, 0, 379, 506, 188, 2, 34.00%, 0, 0, 4, 1012.03, 2656924, 610
4647, 0, 379, 506, 188, 2, 34.00%, 0, 0, 4, 1014.85, 2661964, 610
4652, 0, 379, 506, 188, 2, 34.00%, 0, 0, 4, 1023.89, 2667224, 610
4657, 0, 379, 506, 188, 2, 34.00%, 0, 0, 4, 1035.66, 2672504, 610
4662, 0, 386, 506, 188, 2, 34.00%, 0, 0, 4, 1027.37, 2677340, 610
4667, 0, 386, 506, 188, 2, 34.00%, 0, 0, 4, 991.48, 2682440, 610
4672, 0, 386, 506, 188, 2, 34.00%, 0, 0, 4, 988.84, 2687418, 610
4677, 0, 386, 506, 188, 2, 34.00%, 0, 0, 4, 1025.07, 2692680, 610
4682, 0, 386, 506, 188, 2, 34.00%, 0, 0, 4, 1059.54, 2697797, 610
4688, 0, 394, 506, 188, 2, 34.00%, 0, 0, 4, 1025.23, 2702956, 610
4693, 0, 394, 506, 188, 2, 34.00%, 0, 0, 4, 1013.54, 2708116, 610
4698, 0, 394, 506, 188, 2, 34.00%, 0, 0, 4, 934.77, 2712614, 610
4703, 0, 394, 506, 188, 2, 34.00%, 0, 0, 4, 971.45, 2717409, 610
4708, 0, 394, 506, 188, 2, 34.00%, 0, 0, 4, 991.78, 2722577, 610
4713, 0, 383, 506, 188, 2, 34.00%, 0, 0, 4, 1009.36, 2727792, 610
4718, 0, 383, 506, 188, 2, 34.00%, 0, 0, 4, 1070.31, 2733341, 610
4723, 0, 383, 506, 188, 2, 34.00%, 0, 0, 4, 1068.23, 2738801, 610
4728, 0, 383, 506, 188, 2, 34.00%, 0, 0, 4, 1013.31, 2743992, 610
4734, 0, 383, 506, 188, 2, 34.00%, 0, 0, 4, 1002.58, 2749072, 610
4739, 0, 383, 506, 188, 2, 34.00%, 0, 0, 4, 1003.66, 2754208, 610
4744, 0, 383, 506, 188, 2, 34.00%, 0, 0, 4, 1006.13, 2759288, 610
4749, 0, 383, 506, 188, 2, 34.00%, 0, 0, 4, 1034.96, 2764148, 610
4754, 0, 383, 506, 188, 2, 34.00%, 0, 0, 4, 1009.08, 2769088, 610
4759, 0, 379, 506, 188, 2, 34.00%, 0, 0, 4, 1002.15, 2774204, 610
4764, 0, 379, 506, 188, 2, 34.00%, 0, 0, 4, 991.89, 2779205, 610
4769, 0, 379, 506, 188, 2, 34.00%, 0, 0, 4, 886.87, 2783577, 610
4774, 0, 379, 506, 188, 2, 34.00%, 0, 0, 4, 984.32, 2788667, 610
4779, 0, 379, 506, 188, 2, 34.00%, 0, 0, 4, 972.71, 2793588, 610
4784, 0, 379, 506, 188, 2, 34.00%, 0, 0, 4, 987.37, 2798556, 610
4790, 0, 379, 506, 188, 2, 34.00%, 0, 0, 4, 984.03, 2803534, 610
4795, 0, 379, 506, 188, 2, 34.00%, 0, 0, 4, 1016.32, 2808860, 610
4800, 0, 379, 506, 188, 2, 34.00%, 0, 0, 4, 1027.39, 2813860, 610
4805, 0, 379, 506, 188, 2, 34.00%, 0, 0, 4, 1026.42, 2819100, 610
4810, 0, 379, 506, 188, 2, 34.00%, 0, 0, 4, 1024.43, 2824316, 610
4815, 0, 379, 506, 188, 2, 34.00%, 0, 0, 4, 962.72, 2828984, 610
4820, 0, 379, 506, 188, 2, 34.00%, 0, 0, 4, 1020.28, 2833816, 610
4825, 0, 379, 506, 188, 2, 34.00%, 0, 0, 4, 1004.81, 2838896, 610
4830, 0, 379, 506, 188, 2, 34.00%, 0, 0, 4, 1042.79, 2844176, 610
4835, 0, 380, 506, 188, 2, 34.00%, 0, 0, 4, 1037.06, 2849372, 610
4841, 0, 380, 506, 188, 2, 34.00%, 0, 0, 4, 1025.52, 2854552, 610
4846, 0, 380, 506, 188, 2, 34.00%, 0, 0, 4, 983.46, 2859612, 610
4851, 0, 380, 506, 188, 2, 34.00%, 0, 0, 4, 1012.83, 2864732, 610
4856, 0, 380, 506, 188, 2, 34.00%, 0, 0, 4, 1025.52, 2869912, 610
4861, 0, 427, 506, 188, 2, 34.00%, 0, 0, 4, 1005.04, 2875068, 610
4866, 0, 427, 506, 188, 2, 34.00%, 0, 0, 4, 995.62, 2880036, 610
4871, 0, 427, 506, 188, 2, 34.00%, 0, 0, 4, 960.41, 2884805, 610
4876, 0, 427, 506, 188, 2, 34.00%, 0, 0, 4, 983.05, 2889802, 610
4881, 0, 427, 506, 188, 2, 34.00%, 0, 0, 4, 989.02, 2894324, 610
4886, 0, 366, 506, 188, 2, 34.00%, 0, 0, 4, 996.29, 2899273, 610
4891, 0, 366, 506, 188, 2, 34.00%, 0, 0, 4, 1010.19, 2904384, 610
4896, 0, 366, 506, 188, 2, 34.00%, 0, 0, 4, 1022.06, 2909604, 610
4901, 0, 366, 506, 188, 2, 34.00%, 0, 0, 4, 952.40, 2914424, 610
4907, 0, 366, 506, 188, 2, 34.00%, 0, 0, 4, 1016.30, 2919744, 610
4912, 0, 432, 506, 188, 2, 34.00%, 0, 0, 4, 985.86, 2924381, 610
4917, 0, 432, 506, 188, 2, 34.00%, 0, 0, 4, 974.90, 2929283, 610
4922, 0, 432, 506, 188, 2, 34.00%, 0, 0, 4, 986.44, 2934280, 610
4927, 0, 432, 506, 188, 2, 34.00%, 0, 0, 4, 947.92, 2938910, 610
4932, 0, 432, 506, 188, 2, 34.00%, 0, 0, 4, 987.45, 2943932, 610
4937, 0, 383, 506, 188, 2, 34.00%, 0, 0, 4, 985.76, 2948805, 610
4942, 0, 383, 506, 188, 2, 34.00%, 0, 0, 4, 1004.01, 2953856, 610
4947, 0, 383, 506, 188, 2, 34.00%, 0, 0, 4, 972.17, 2958723, 610
4952, 0, 383, 506, 188, 2, 34.00%, 0, 0, 4, 1006.30, 2963776, 610
4957, 0, 383, 506, 188, 2, 34.00%, 0, 0, 4, 1008.03, 2968896, 610
4962, 0, 430, 506, 188, 2, 34.00%, 0, 0, 4, 988.65, 2973951, 610
4967, 0, 430, 506, 188, 2, 34.00%, 0, 0, 4, 982.26, 2978891, 610
4973, 0, 430, 506, 188, 2, 34.00%, 0, 0, 4, 952.36, 2983831, 610
4978, 0, 430, 506, 188, 2, 34.00%, 0, 0, 4, 155.74, 2988695, 610
4983, 0, 430, 506, 188, 2, 34.00%, 0, 0, 4, 943.88, 2993516, 610
4988, 0, 379, 506, 188, 2, 34.00%, 0, 0, 4, 960.98, 2998147, 610
4993, 0, 379, 506, 188, 2, 34.00%, 0, 0, 4, 1004.28, 3003348, 610
4998, 0, 379, 506, 188, 2, 34.00%, 0, 0, 4, 1027.00, 3008568, 610
5003, 0, 379, 506, 188, 2, 34.00%, 0, 0, 4, 980.57, 3013347, 610
5009, 0, 379, 506, 188, 2, 34.00%, 0, 0, 4, 1006.97, 3018548, 610
5014, 0, 371, 506, 188, 2, 34.00%, 0, 0, 4, 1000.07, 3023559, 610
5019, 0, 371, 506, 188, 2, 34.00%, 0, 0, 4, 941.64, 3027944, 610
5024, 0, 371, 506, 188, 2, 34.00%, 0, 0, 4, 1003.36, 3033204, 610
5029, 0, 371, 506, 188, 2, 34.00%, 0, 0, 4, 1009.93, 3038284, 610
5034, 0, 371, 506, 188, 2, 34.00%, 0, 0, 4, 1009.74, 3043344, 610
5040, 0, 362, 506, 188, 2, 34.00%, 0, 0, 4, 0.86, 3044279, 610
5045, 0, 362, 506, 188, 2, 34.00%, 0, 0, 4, 815.08, 3046096, 610
5050, 0, 362, 506, 188, 2, 34.00%, 0, 0, 4, 827.49, 3050256, 610
5055, 0, 362, 506, 188, 2, 34.00%, 0, 0, 4, 801.48, 3054304, 610
5060, 0, 362, 506, 188, 2, 34.00%, 0, 0, 4, 773.64, 3058304, 610
5066, 0, 362, 506, 188, 2, 34.00%, 0, 0, 4, 50.73, 3059874, 610
5071, 0, 362, 506, 188, 2, 34.00%, 0, 0, 4, 42.62, 3059984, 610
5076, 0, 362, 506, 188, 2, 34.00%, 0, 0, 4, 816.94, 3063472, 610
5081, 0, 362, 506, 188, 2, 34.00%, 0, 0, 4, 829.27, 3067008, 610
5088, 0, 362, 506, 188, 2, 34.00%, 0, 0, 4, 7.66, 3070175, 610
5093, 0, 362, 506, 188, 2, 34.00%, 0, 0, 4, 728.04, 3073402, 610
5098, 0, 383, 506, 188, 2, 34.00%, 0, 0, 4, 856.19, 3077872, 610
5103, 0, 383, 506, 188, 2, 34.00%, 0, 0, 4, 972.63, 3082955, 610
5108, 0, 503, 506, 188, 2, 34.00%, 0, 0, 4, 995.28, 3087974, 610
5113, 0, 503, 506, 188, 2, 34.00%, 0, 0, 4, 993.22, 3092952, 610
5118, 0, 379, 506, 188, 2, 34.00%, 0, 0, 4, 1017.89, 3098092, 610
5123, 0, 379, 506, 188, 2, 34.00%, 0, 0, 4, 1032.75, 3103344, 610
5128, 0, 379, 506, 188, 2, 34.00%, 0, 0, 4, 1046.68, 3108804, 610
5133, 0, 382, 506, 188, 2, 34.00%, 0, 0, 4, 1029.51, 3113956, 610
5138, 0, 389, 506, 188, 2, 34.00%, 0, 0, 4, 974.19, 3119008, 610
5143, 0, 389, 506, 188, 2, 34.00%, 0, 0, 4, 1010.47, 3123968, 610
5149, 0, 395, 506, 188, 2, 34.00%, 0, 0, 4, 1044.34, 3129440, 610
5154, 0, 379, 506, 188, 2, 34.00%, 0, 0, 4, 1034.03, 3134712, 610
5159, 0, 379, 506, 188, 2, 34.00%, 0, 0, 4, 1035.19, 3139972, 610
5164, 0, 382, 506, 188, 2, 34.00%, 0, 0, 4, 1029.91, 3145224, 610
5169, 0, 382, 506, 188, 2, 34.00%, 0, 0, 4, 1019.31, 3150444, 610
5174, 0, 417, 506, 188, 2, 34.00%, 0, 0, 4, 1001.49, 3155486, 610
5179, 0, 379, 506, 188, 2, 34.00%, 0, 0, 4, 1020.61, 3160688, 610
5184, 0, 379, 506, 188, 2, 34.00%, 0, 0, 4, 1040.59, 3165928, 610
5189, 0, 379, 506, 188, 2, 34.00%, 0, 0, 4, 1035.56, 3171100, 610
5194, 0, 421, 506, 188, 2, 34.00%, 0, 0, 4, 1026.67, 3176352, 610
5199, 0, 421, 506, 188, 2, 34.00%, 0, 0, 4, 989.30, 3181354, 610
5205, 0, 443, 506, 188, 2, 34.00%, 0, 0, 4, 931.40, 3186042, 610
5210, 0, 443, 506, 188, 2, 34.00%, 0, 0, 4, 945.14, 3190524, 610
5215, 0, 379, 506, 188, 2, 34.00%, 0, 0, 4, 982.71, 3194812, 610
5220, 0, 379, 506, 188, 2, 34.00%, 0, 0, 4, 1024.73, 3200148, 610
5225, 0, 379, 506, 188, 2, 34.00%, 0, 0, 4, 1034.32, 3205388, 610
5230, 0, 383, 506, 188, 2, 34.00%, 0, 0, 4, 996.61, 3210474, 610
5235, 0, 383, 506, 188, 2, 34.00%, 0, 0, 4, 926.62, 3214920, 610
5240, 0, 383, 506, 188, 2, 34.00%, 0, 0, 4, 932.20, 3219530, 610
5249, 0, 368, 506, 188, 2, 34.00%, 0, 0, 4, 6.25, 3224475, 610
5254, 0, 368, 506, 188, 2, 34.00%, 0, 0, 4, 414.75, 3225553, 610
5259, 0, 368, 506, 188, 2, 34.00%, 0, 0, 4, 823.31, 3230203, 610
5264, 0, 445, 506, 187, 2, 34.00%, 0, 0, 4, 979.66, 3235308, 610
5269, 0, 445, 506, 187, 2, 34.00%, 0, 0, 4, 970.69, 3240381, 610
5274, 0, 500, 507, 188, 2, 34.00%, 0, 0, 4, 964.92, 3245267, 610
5280, 0, 379, 507, 187, 2, 34.00%, 0, 0, 4, 992.62, 3250248, 610
5285, 0, 379, 507, 187, 2, 34.00%, 0, 0, 4, 1032.62, 3255450, 610
5290, 0, 377, 507, 187, 2, 34.00%, 0, 0, 4, 1040.19, 3260882, 610
5295, 0, 505, 507, 187, 2, 34.00%, 0, 0, 4, 995.16, 3266014, 610
5300, 0, 505, 507, 187, 2, 34.00%, 0, 0, 4, 901.26, 3270440, 610
5305, 0, 383, 507, 187, 2, 34.00%, 0, 0, 4, 885.34, 3274978, 610
5310, 0, 383, 507, 187, 2, 34.00%, 0, 0, 4, 916.28, 3279550, 610
5315, 0, 379, 507, 187, 2, 34.00%, 0, 0, 4, 980.52, 3284669, 610
5320, 0, 379, 507, 187, 2, 34.00%, 0, 0, 4, 1010.74, 3289858, 610
5325, 0, 469, 507, 187, 2, 34.00%, 0, 0, 4, 947.21, 3294530, 610
5331, 0, 381, 507, 187, 2, 34.00%, 0, 0, 4, 1010.35, 3299822, 610
5336, 0, 381, 507, 187, 2, 34.00%, 0, 0, 4, 1071.88, 3305446, 610
5341, 0, 383, 507, 187, 2, 34.00%, 0, 0, 4, 1032.55, 3310534, 610
5346, 0, 381, 507, 187, 2, 34.00%, 0, 0, 4, 1057.19, 3316076, 610
5351, 0, 381, 507, 187, 2, 34.00%, 0, 0, 4, 1036.73, 3320969, 610
5356, 0, 379, 507, 187, 2, 34.00%, 0, 0, 4, 1030.61, 3324498, 610
5361, 0, 379, 507, 187, 2, 34.00%, 0, 0, 4, 1059.08, 3329917, 610
5367, 0, 379, 507, 187, 2, 34.00%, 0, 0, 4, 1028.41, 3335070, 610
5372, 0, 424, 507, 187, 2, 34.00%, 0, 0, 4, 1060.43, 3340442, 610
5377, 0, 424, 507, 187, 2, 34.00%, 0, 0, 4, 1053.11, 3345671, 610
5382, 0, 379, 507, 187, 2, 34.00%, 0, 0, 4, 1004.16, 3350494, 610
5387, 0, 386, 507, 187, 2, 34.00%, 0, 0, 4, 1083.54, 3356070, 610
5392, 0, 386, 507, 187, 2, 34.00%, 0, 0, 4, 1090.04, 3361593, 610
5397, 0, 505, 507, 187, 2, 34.00%, 0, 0, 4, 1015.63, 3366698, 610
5400, 0, 505, 507, 187, 2, 34.00%, 0, 0, 4, 998.05, 3369268, 610
