# relative_time, cycles_done, cur_path, paths_total, pending_total, pending_favs, map_size, unique_crashes, unique_hangs, max_depth, execs_per_sec, total_execs, edges_found
61, 0, 210, 454, 258, 86, 31.22%, 0, 0, 2, 124.52, 21589, 560
66, 0, 210, 454, 258, 86, 31.22%, 0, 0, 2, 123.77, 22211, 560
71, 0, 210, 454, 258, 86, 31.22%, 0, 0, 2, 125.47, 22861, 560
76, 0, 210, 454, 258, 86, 31.22%, 0, 0, 2, 125.44, 23511, 560
82, 0, 210, 454, 258, 86, 31.22%, 0, 0, 2, 124.66, 24157, 560
87, 0, 210, 454, 258, 86, 31.22%, 0, 0, 2, 122.20, 24759, 560
92, 0, 210, 455, 259, 86, 31.22%, 0, 0, 2, 123.16, 25381, 560
97, 0, 210, 455, 259, 86, 31.22%, 0, 0, 2, 121.39, 25983, 560
102, 0, 210, 455, 259, 86, 31.22%, 0, 0, 2, 121.75, 26593, 560
107, 0, 210, 455, 259, 86, 31.22%, 0, 0, 2, 124.36, 27241, 560
112, 0, 210, 455, 259, 86, 31.22%, 0, 0, 2, 124.60, 27891, 560
117, 0, 210, 455, 259, 86, 31.22%, 0, 0, 2, 124.64, 28535, 560
122, 0, 210, 455, 259, 86, 31.22%, 0, 0, 2, 120.30, 29139, 560
128, 0, 210, 455, 259, 86, 31.22%, 0, 0, 2, 122.31, 29767, 560
133, 0, 310, 457, 260, 87, 31.33%, 0, 0, 2, 286.23, 31214, 562
138, 0, 310, 461, 264, 87, 31.55%, 0, 0, 2, 361.31, 33127, 566
143, 0, 310, 462, 265, 87, 31.61%, 0, 0, 2, 384.20, 35088, 567
148, 0, 310, 463, 266, 87, 31.61%, 0, 0, 2, 387.43, 37042, 567
153, 0, 310, 464, 267, 87, 31.61%, 0, 0, 2, 382.71, 38982, 567
158, 0, 310, 465, 268, 87, 31.66%, 0, 0, 2, 370.94, 40817, 568
163, 0, 310, 465, 268, 87, 31.66%, 0, 0, 2, 362.44, 42623, 568
169, 0, 310, 465, 268, 87, 31.66%, 0, 0, 2, 358.83, 44387, 568
174, 0, 310, 466, 269, 87, 31.72%, 0, 0, 2, 78.42, 45795, 569
179, 0, 310, 466, 269, 87, 31.72%, 0, 0, 2, 315.77, 47687, 569
184, 0, 310, 466, 269, 87, 31.72%, 0, 0, 2, 323.35, 49349, 569
189, 0, 310, 466, 269, 87, 31.72%, 0, 0, 2, 378.06, 51073, 569
195, 0, 310, 466, 269, 87, 31.72%, 0, 0, 2, 2.71, 51506, 569
201, 0, 310, 466, 269, 87, 31.72%, 0, 0, 2, 15.12, 51531, 569
206, 0, 310, 466, 269, 87, 31.72%, 0, 0, 2, 14.70, 51587, 569
211, 0, 310, 466, 269, 87, 31.72%, 0, 0, 2, 348.06, 52511, 569
216, 0, 310, 466, 269, 87, 31.72%, 0, 0, 2, 338.59, 54155, 569
222, 0, 310, 466, 269, 87, 31.72%, 0, 0, 2, 32.07, 55475, 569
227, 0, 310, 466, 269, 87, 31.72%, 0, 0, 2, 67.42, 55587, 569
232, 0, 310, 466, 269, 87, 31.72%, 0, 0, 2, 293.29, 57231, 569
237, 0, 310, 466, 269, 87, 31.72%, 0, 0, 2, 23.86, 58535, 569
242, 0, 310, 466, 269, 87, 31.72%, 0, 0, 2, 89.70, 58674, 569
247, 0, 310, 466, 269, 87, 31.72%, 0, 0, 2, 30.61, 59368, 569
252, 0, 310, 466, 269, 87, 31.72%, 0, 0, 2, 48.63, 59445, 569
258, 0, 310, 466, 269, 87, 31.72%, 0, 0, 2, 367.19, 61251, 569
263, 0, 312, 467, 269, 96, 31.77%, 0, 0, 2, 63.36, 62917, 570
268, 0, 312, 469, 271, 96, 31.77%, 0, 0, 2, 59.02, 63216, 570
273, 0, 312, 470, 272, 96, 31.77%, 0, 0, 2, 58.20, 63503, 570
278, 0, 312, 470, 272, 96, 31.77%, 0, 0, 2, 58.56, 63794, 570
283, 0, 312, 471, 273, 96, 31.77%, 0, 0, 2, 62.41, 64112, 570
288, 0, 312, 471, 273, 96, 31.77%, 0, 0, 2, 60.43, 64402, 570
293, 0, 312, 471, 273, 96, 31.77%, 0, 0, 2, 61.10, 64704, 570
298, 0, 312, 471, 273, 96, 31.77%, 0, 0, 2, 60.69, 64995, 570
303, 0, 312, 471, 273, 96, 31.77%, 0, 0, 2, 3.82, 65212, 570
308, 0, 312, 471, 273, 96, 31.77%, 0, 0, 2, 3.44, 65247, 570
313, 0, 312, 472, 274, 96, 31.77%, 0, 0, 2, 37.76, 65367, 570
318, 0, 312, 472, 274, 96, 31.77%, 0, 0, 2, 52.87, 65531, 570
323, 0, 312, 472, 274, 96, 31.77%, 0, 0, 2, 21.54, 65593, 570
329, 0, 312, 472, 274, 96, 31.77%, 0, 0, 2, 50.14, 65882, 570
334, 0, 312, 472, 274, 96, 31.77%, 0, 0, 2, 59.67, 66193, 570
339, 0, 312, 472, 274, 96, 31.77%, 0, 0, 2, 62.14, 66517, 570
344, 0, 312, 472, 274, 96, 31.77%, 0, 0, 2, 62.48, 66840, 570
349, 0, 312, 472, 274, 96, 31.77%, 0, 0, 2, 63.24, 67165, 570
354, 0, 312, 472, 274, 96, 31.77%, 0, 0, 2, 64.28, 67481, 570
359, 0, 312, 472, 274, 96, 31.77%, 0, 0, 2, 11.81, 67778, 570
365, 0, 312, 472, 274, 96, 31.77%, 0, 0, 2, 4.64, 68072, 570
370, 0, 312, 472, 274, 96, 31.77%, 0, 0, 2, 61.06, 68358, 570
375, 0, 312, 473, 275, 96, 31.77%, 0, 0, 2, 62.50, 68683, 570
380, 0, 312, 473, 275, 96, 31.77%, 0, 0, 2, 61.07, 68990, 570
385, 0, 312, 473, 275, 96, 31.77%, 0, 0, 2, 63.34, 69269, 570
390, 0, 312, 473, 275, 96, 31.77%, 0, 0, 2, 59.98, 69543, 570
395, 0, 312, 473, 275, 96, 31.77%, 0, 0, 2, 44.06, 69736, 570
400, 0, 312, 473, 275, 96, 31.77%, 0, 0, 2, 61.25, 69944, 570
406, 0, 312, 473, 275, 96, 31.77%, 0, 0, 2, 61.35, 70254, 570
411, 0, 312, 473, 275, 96, 31.77%, 0, 0, 2, 59.60, 70556, 570
416, 0, 312, 473, 275, 96, 31.77%, 0, 0, 2, 62.51, 70881, 570
421, 0, 312, 473, 275, 96, 31.77%, 0, 0, 2, 55.67, 71156, 570
426, 0, 312, 473, 275, 96, 31.77%, 0, 0, 2, 61.61, 71425, 570
431, 0, 312, 473, 275, 96, 31.77%, 0, 0, 2, 58.56, 71687, 570
437, 0, 312, 474, 276, 96, 31.77%, 0, 0, 2, 62.45, 72013, 570
442, 0, 312, 474, 276, 96, 31.77%, 0, 0, 2, 62.68, 72338, 570
447, 0, 312, 474, 276, 96, 31.77%, 0, 0, 2, 63.44, 72663, 570
452, 0, 312, 474, 276, 96, 31.77%, 0, 0, 2, 63.61, 72988, 570
457, 0, 312, 474, 276, 96, 31.77%, 0, 0, 2, 64.29, 73315, 570
462, 0, 312, 474, 276, 96, 31.77%, 0, 0, 2, 60.74, 73633, 570
467, 0, 312, 474, 276, 96, 31.77%, 0, 0, 2, 59.45, 73932, 570
472, 0, 312, 474, 276, 96, 31.77%, 0, 0, 2, 61.64, 74241, 570
478, 0, 312, 475, 277, 96, 31.77%, 0, 0, 2, 62.41, 74548, 570
483, 0, 312, 475, 277, 96, 31.77%, 0, 0, 2, 63.40, 74860, 570
488, 0, 312, 475, 277, 96, 31.77%, 0, 0, 2, 61.55, 75178, 570
493, 0, 312, 475, 277, 96, 31.77%, 0, 0, 2, 58.83, 75457, 570
498, 0, 312, 475, 277, 96, 31.77%, 0, 0, 2, 59.27, 75761, 570
503, 0, 312, 475, 277, 96, 31.77%, 0, 0, 2, 62.19, 76018, 570
508, 0, 312, 475, 277, 96, 31.77%, 0, 0, 2, 63.03, 76340, 570
513, 0, 312, 475, 277, 96, 31.77%, 0, 0, 2, 63.10, 76623, 570
518, 0, 312, 475, 277, 96, 31.77%, 0, 0, 2, 64.31, 76913, 570
524, 0, 312, 475, 277, 96, 31.77%, 0, 0, 2, 54.15, 77176, 570
529, 0, 312, 475, 277, 96, 31.77%, 0, 0, 2, 7.98, 77215, 570
534, 0, 312, 475, 277, 96, 31.77%, 0, 0, 2, 63.51, 77389, 570
539, 0, 312, 475, 277, 96, 31.77%, 0, 0, 2, 61.75, 77695, 570
544, 0, 312, 475, 277, 96, 31.77%, 0, 0, 2, 60.56, 78006, 570
549, 0, 312, 475, 277, 96, 31.77%, 0, 0, 2, 62.69, 78312, 570
554, 0, 312, 475, 277, 96, 31.77%, 0, 0, 2, 64.54, 78606, 570
559, 0, 312, 475, 277, 96, 31.77%, 0, 0, 2, 64.06, 78886, 570
564, 0, 312, 475, 277, 96, 31.77%, 0, 0, 2, 64.02, 79211, 570
570, 0, 312, 475, 277, 96, 31.77%, 0, 0, 2, 60.27, 79497, 570
575, 0, 312, 475, 277, 96, 31.77%, 0, 0, 2, 60.58, 79780, 570
581, 0, 312, 476, 278, 96, 31.77%, 0, 0, 2, 30.87, 79921, 570
587, 0, 312, 476, 278, 96, 31.77%, 0, 0, 2, 0.79, 80010, 570
592, 0, 312, 476, 278, 96, 31.77%, 0, 0, 2, 42.07, 80283, 570
598, 0, 312, 476, 278, 96, 31.77%, 0, 0, 2, 8.72, 80417, 570
603, 0, 312, 476, 278, 96, 31.77%, 0, 0, 2, 59.91, 80523, 570
608, 0, 312, 476, 278, 96, 31.77%, 0, 0, 2, 55.10, 80762, 570
613, 0, 312, 476, 278, 96, 31.77%, 0, 0, 2, 59.49, 81070, 570
618, 0, 312, 476, 278, 96, 31.77%, 0, 0, 2, 61.96, 81376, 570
623, 0, 312, 476, 278, 96, 31.77%, 0, 0, 2, 8.30, 81690, 570
628, 0, 312, 476, 278, 96, 31.77%, 0, 0, 2, 59.20, 81995, 570
634, 0, 312, 476, 278, 96, 31.77%, 0, 0, 2, 59.54, 82317, 570
639, 0, 312, 476, 278, 96, 31.77%, 0, 0, 2, 62.77, 82629, 570
644, 0, 312, 476, 278, 96, 31.77%, 0, 0, 2, 61.28, 82940, 570
649, 0, 312, 476, 278, 96, 31.77%, 0, 0, 2, 61.01, 83245, 570
655, 0, 312, 476, 278, 96, 31.77%, 0, 0, 2, 37.54, 83506, 570
660, 0, 312, 476, 278, 96, 31.77%, 0, 0, 2, 56.01, 83815, 570
665, 0, 312, 476, 278, 96, 31.77%, 0, 0, 2, 60.79, 84127, 570
670, 0, 312, 476, 278, 96, 31.77%, 0, 0, 2, 61.52, 84437, 570
675, 0, 312, 476, 278, 96, 31.77%, 0, 0, 2, 61.76, 84749, 570
680, 0, 312, 476, 278, 96, 31.77%, 0, 0, 2, 61.97, 85061, 570
685, 0, 312, 476, 278, 96, 31.77%, 0, 0, 2, 37.16, 85357, 570
690, 0, 312, 476, 278, 96, 31.77%, 0, 0, 2, 51.42, 85610, 570
695, 0, 312, 476, 278, 96, 31.77%, 0, 0, 2, 60.29, 85935, 570
700, 0, 312, 476, 278, 96, 31.77%, 0, 0, 2, 61.90, 86247, 570
705, 0, 312, 476, 278, 96, 31.77%, 0, 0, 2, 61.00, 86551, 570
711, 0, 312, 476, 278, 96, 31.77%, 0, 0, 2, 62.11, 86875, 570
716, 0, 312, 476, 278, 96, 31.77%, 0, 0, 2, 56.25, 87185, 570
721, 0, 312, 476, 278, 96, 31.77%, 0, 0, 2, 53.33, 87433, 570
726, 0, 312, 476, 278, 96, 31.77%, 0, 0, 2, 61.05, 87756, 570
731, 0, 312, 476, 278, 96, 31.77%, 0, 0, 2, 57.43, 88013, 570
736, 0, 312, 476, 278, 96, 31.77%, 0, 0, 2, 61.72, 88337, 570
741, 0, 312, 476, 278, 96, 31.77%, 0, 0, 2, 61.73, 88647, 570
747, 0, 312, 476, 278, 96, 31.77%, 0, 0, 2, 60.64, 88966, 570
752, 0, 312, 476, 278, 96, 31.77%, 0, 0, 2, 62.07, 89291, 570
757, 0, 312, 476, 278, 96, 31.77%, 0, 0, 2, 58.79, 89577, 570
762, 0, 312, 476, 278, 96, 31.77%, 0, 0, 2, 8.35, 89846, 570
767, 0, 312, 476, 278, 96, 31.77%, 0, 0, 2, 2.41, 89904, 570
772, 0, 312, 476, 278, 96, 31.77%, 0, 0, 2, 61.69, 89946, 570
777, 0, 312, 476, 278, 96, 31.77%, 0, 0, 2, 62.84, 90248, 570
782, 0, 312, 476, 278, 96, 31.77%, 0, 0, 2, 63.07, 90549, 570
788, 0, 312, 476, 278, 96, 31.77%, 0, 0, 2, 48.06, 90727, 570
793, 0, 312, 476, 278, 96, 31.77%, 0, 0, 2, 54.62, 90973, 570
798, 0, 312, 476, 278, 96, 31.77%, 0, 0, 2, 61.92, 91298, 570
803, 0, 312, 476, 278, 96, 31.77%, 0, 0, 2, 60.88, 91606, 570
808, 0, 312, 477, 279, 96, 31.77%, 0, 0, 2, 62.86, 91934, 570
813, 0, 312, 477, 279, 96, 31.77%, 0, 0, 2, 60.59, 92240, 570
819, 0, 312, 477, 279, 96, 31.77%, 0, 0, 2, 60.14, 92560, 570
824, 0, 312, 477, 279, 96, 31.77%, 0, 0, 2, 62.42, 92826, 570
829, 0, 312, 477, 279, 96, 31.77%, 0, 0, 2, 63.20, 93151, 570
834, 0, 312, 477, 279, 96, 31.77%, 0, 0, 2, 62.91, 93474, 570
839, 0, 312, 477, 279, 96, 31.77%, 0, 0, 2, 61.24, 93777, 570
844, 0, 312, 477, 279, 96, 31.77%, 0, 0, 2, 62.37, 94102, 570
849, 0, 312, 477, 279, 96, 31.77%, 0, 0, 2, 62.51, 94427, 570
855, 0, 312, 477, 279, 96, 31.77%, 0, 0, 2, 60.94, 94735, 570
860, 0, 312, 477, 279, 96, 31.77%, 0, 0, 2, 55.87, 94968, 570
865, 0, 312, 477, 279, 96, 31.77%, 0, 0, 2, 62.70, 95238, 570
870, 0, 312, 477, 279, 96, 31.77%, 0, 0, 2, 61.54, 95547, 570
875, 0, 362, 477, 278, 96, 31.77%, 0, 0, 2, 735.80, 97407, 570
880, 0, 362, 478, 279, 96, 31.88%, 0, 0, 2, 743.97, 101251, 572
885, 0, 362, 478, 279, 96, 31.88%, 0, 0, 2, 128.83, 104961, 572
890, 0, 362, 478, 279, 96, 31.88%, 0, 0, 2, 597.25, 107483, 572
896, 0, 362, 478, 279, 96, 31.88%, 0, 0, 2, 551.95, 109760, 572
901, 0, 362, 479, 280, 96, 32.00%, 0, 0, 2, 686.43, 113527, 574
906, 0, 362, 480, 281, 96, 32.05%, 0, 0, 2, 692.68, 116863, 575
911, 0, 362, 480, 281, 96, 32.05%, 0, 0, 2, 734.01, 120713, 575
916, 0, 362, 480, 281, 96, 32.05%, 0, 0, 2, 754.83, 124626, 575
921, 0, 362, 480, 281, 96, 32.05%, 0, 0, 2, 754.69, 128466, 575
926, 0, 366, 480, 280, 97, 32.05%, 0, 0, 2, 856.34, 132905, 575
932, 0, 367, 497, 296, 96, 33.84%, 0, 0, 2, 783.82, 137069, 607
937, 0, 369, 501, 300, 100, 33.95%, 0, 0, 2, 864.96, 141505, 609
942, 0, 370, 501, 299, 99, 33.95%, 0, 0, 2, 814.76, 145887, 609
947, 0, 370, 501, 299, 99, 33.95%, 0, 0, 2, 611.69, 148707, 609
952, 0, 370, 501, 299, 99, 33.95%, 0, 0, 2, 567.74, 151548, 609
957, 0, 372, 501, 298, 98, 33.95%, 0, 0, 2, 688.85, 154881, 609
962, 0, 372, 501, 298, 98, 33.95%, 0, 0, 2, 836.28, 159375, 609
967, 0, 373, 501, 297, 97, 33.95%, 0, 0, 2, 859.68, 163803, 609
972, 0, 373, 501, 297, 97, 33.95%, 0, 0, 2, 861.81, 168189, 609
978, 0, 374, 501, 296, 96, 33.95%, 0, 0, 2, 866.44, 172658, 609
983, 0, 374, 501, 296, 96, 33.95%, 0, 0, 2, 863.00, 177095, 609
988, 0, 375, 501, 295, 95, 33.95%, 0, 0, 2, 867.15, 181496, 609
993, 0, 375, 501, 295, 95, 33.95%, 0, 0, 2, 875.62, 185967, 609
998, 0, 377, 501, 294, 94, 33.95%, 0, 0, 2, 642.53, 188959, 609
1003, 0, 377, 501, 294, 94, 33.95%, 0, 0, 2, 585.52, 191837, 609
1008, 0, 378, 501, 293, 93, 33.95%, 0, 0, 2, 559.33, 194606, 609
1013, 0, 378, 501, 293, 93, 33.95%, 0, 0, 2, 581.19, 197598, 609
1018, 0, 378, 501, 293, 93, 33.95%, 0, 0, 2, 589.37, 200678, 609
1024, 0, 381, 501, 292, 92, 33.95%, 0, 0, 2, 719.18, 204265, 609
1029, 0, 381, 501, 292, 92, 33.95%, 0, 0, 2, 859.58, 208775, 609
1034, 0, 382, 501, 291, 91, 33.95%, 0, 0, 2, 875.27, 213244, 609
1087, 0, 382, 501, 291, 91, 33.95%, 0, 0, 2, 0.34, 216389, 609
1092, 0, 383, 501, 290, 90, 33.95%, 0, 0, 2, 851.40, 220687, 609
1136, 0, 383, 501, 290, 90, 33.95%, 0, 0, 2, 0.43, 224428, 609
1141, 0, 384, 501, 289, 89, 33.95%, 0, 0, 2, 593.19, 227814, 609
1146, 0, 384, 501, 289, 89, 33.95%, 0, 0, 2, 760.77, 229706, 609
14216, 0, 385, 501, 289, 89, 33.95%, 0, 0, 2, 0.00, 230051, 609
