# relative_time, cycles_done, cur_path, paths_total, pending_total, pending_favs, map_size, unique_crashes, unique_hangs, max_depth, execs_per_sec, total_execs, edges_found
61, 0, 451, 453, 230, 53, 30.82%, 0, 0, 5, 992.34, 60724, 553
66, 0, 440, 453, 229, 52, 30.82%, 0, 0, 5, 981.85, 65646, 553
71, 0, 453, 454, 229, 52, 30.99%, 0, 0, 5, 959.09, 70501, 556
76, 0, 8, 454, 227, 50, 30.99%, 0, 0, 5, 994.88, 75689, 556
81, 0, 8, 457, 230, 50, 31.22%, 0, 0, 5, 849.43, 79926, 560
86, 0, 149, 473, 245, 52, 32.11%, 0, 0, 5, 892.27, 84471, 576
91, 0, 396, 474, 245, 68, 32.33%, 0, 0, 5, 703.13, 87886, 580
97, 0, 466, 474, 244, 67, 32.33%, 0, 0, 5, 800.88, 91851, 580
102, 0, 469, 474, 243, 66, 32.33%, 0, 0, 5, 878.69, 96569, 580
107, 0, 411, 475, 243, 66, 32.39%, 0, 0, 5, 917.62, 101195, 581
112, 0, 430, 476, 243, 66, 32.50%, 0, 0, 5, 953.12, 106012, 583
117, 0, 432, 476, 242, 65, 32.50%, 0, 0, 5, 976.52, 110935, 583
122, 0, 433, 476, 241, 64, 32.50%, 0, 0, 5, 989.29, 116107, 583
127, 0, 461, 476, 240, 63, 32.50%, 0, 0, 5, 987.75, 121127, 583
132, 0, 417, 476, 239, 62, 32.50%, 0, 0, 5, 978.83, 126237, 583
137, 0, 190, 476, 238, 61, 32.50%, 0, 0, 5, 879.09, 130608, 583
143, 0, 190, 476, 238, 61, 32.50%, 0, 0, 5, 890.67, 135266, 583
148, 0, 190, 476, 238, 61, 32.50%, 0, 0, 5, 866.43, 139652, 583
153, 0, 447, 477, 238, 60, 32.50%, 0, 0, 5, 894.80, 144331, 583
158, 0, 447, 477, 238, 60, 32.50%, 0, 0, 5, 862.69, 148734, 583
163, 0, 447, 477, 238, 60, 32.50%, 0, 0, 5, 835.17, 152850, 583
168, 0, 464, 477, 237, 59, 32.50%, 0, 0, 5, 803.16, 156924, 583
173, 0, 464, 477, 237, 59, 32.50%, 0, 0, 5, 755.10, 160639, 583
178, 0, 464, 477, 237, 59, 32.50%, 0, 0, 5, 789.01, 164199, 583
184, 0, 464, 477, 237, 59, 32.50%, 0, 0, 5, 789.80, 168249, 583
189, 0, 367, 477, 236, 58, 32.50%, 0, 0, 5, 886.55, 172304, 583
194, 0, 367, 477, 236, 58, 32.50%, 0, 0, 5, 929.57, 176839, 583
199, 0, 367, 477, 236, 58, 32.50%, 0, 0, 5, 1003.53, 182042, 583
204, 0, 378, 477, 235, 57, 32.50%, 0, 0, 5, 1.16, 182188, 583
209, 0, 378, 477, 235, 57, 32.50%, 0, 0, 5, 612.46, 184484, 583
214, 0, 378, 477, 235, 57, 32.50%, 0, 0, 5, 818.92, 188991, 583
220, 0, 378, 477, 235, 57, 32.50%, 0, 0, 5, 843.01, 192975, 583
225, 0, 455, 477, 234, 56, 32.50%, 0, 0, 5, 134.39, 196416, 583
230, 0, 455, 477, 234, 56, 32.50%, 0, 0, 5, 811.65, 200634, 583
235, 0, 455, 477, 234, 56, 32.50%, 0, 0, 5, 120.78, 204288, 583
240, 0, 455, 477, 234, 56, 32.50%, 0, 0, 5, 801.64, 208207, 583
245, 0, 459, 477, 233, 55, 32.50%, 0, 0, 5, 846.75, 212207, 583
250, 0, 459, 477, 233, 55, 32.50%, 0, 0, 5, 942.91, 217033, 583
255, 0, 459, 477, 233, 55, 32.50%, 0, 0, 5, 921.77, 221785, 583
260, 0, 398, 477, 232, 54, 32.50%, 0, 0, 5, 706.86, 225220, 583
265, 0, 398, 477, 232, 54, 32.50%, 0, 0, 5, 625.77, 228258, 583
271, 0, 398, 477, 232, 54, 32.50%, 0, 0, 5, 52.17, 231354, 583
276, 0, 398, 477, 232, 54, 32.50%, 0, 0, 5, 601.06, 234392, 583
281, 0, 398, 477, 232, 54, 32.50%, 0, 0, 5, 610.29, 237354, 583
286, 0, 458, 477, 231, 53, 32.50%, 0, 0, 5, 866.90, 242149, 583
291, 0, 458, 477, 231, 53, 32.50%, 0, 0, 5, 917.00, 246595, 583
296, 0, 458, 477, 231, 53, 32.50%, 0, 0, 5, 853.61, 250921, 583
301, 0, 463, 477, 230, 52, 32.50%, 0, 0, 5, 922.15, 254798, 583
306, 0, 463, 477, 230, 52, 32.50%, 0, 0, 5, 863.49, 258162, 583
312, 0, 463, 477, 230, 52, 32.50%, 0, 0, 5, 864.69, 259406, 583
317, 0, 463, 477, 230, 52, 32.50%, 0, 0, 5, 779.15, 262388, 583
322, 0, 463, 477, 230, 52, 32.50%, 0, 0, 5, 29.24, 263802, 583
327, 0, 390, 477, 229, 51, 32.50%, 0, 0, 5, 895.21, 266784, 583
332, 0, 390, 477, 229, 51, 32.50%, 0, 0, 5, 977.06, 271471, 583
337, 0, 390, 477, 229, 51, 32.50%, 0, 0, 5, 1042.99, 276980, 583
343, 0, 475, 477, 229, 51, 32.50%, 0, 0, 5, 998.32, 282010, 583
348, 0, 475, 477, 229, 51, 32.50%, 0, 0, 5, 984.47, 286988, 583
353, 0, 475, 477, 229, 51, 32.50%, 0, 0, 5, 1010.16, 292225, 583
358, 0, 434, 477, 228, 50, 32.50%, 0, 0, 5, 1045.33, 297480, 583
363, 0, 434, 477, 228, 50, 32.50%, 0, 0, 5, 1047.31, 302700, 583
368, 0, 429, 477, 227, 49, 32.50%, 0, 0, 5, 1076.22, 308212, 583
373, 0, 429, 477, 227, 49, 32.50%, 0, 0, 5, 1027.81, 312865, 583
378, 0, 429, 477, 227, 49, 32.50%, 0, 0, 5, 1010.01, 317945, 583
383, 0, 473, 477, 226, 48, 32.50%, 0, 0, 5, 1005.87, 322959, 583
388, 0, 473, 477, 226, 48, 32.50%, 0, 0, 5, 104.80, 327339, 583
394, 0, 473, 477, 226, 48, 32.50%, 0, 0, 5, 932.13, 332041, 583
399, 0, 443, 477, 225, 47, 32.50%, 0, 0, 5, 969.61, 336527, 583
404, 0, 443, 477, 225, 47, 32.50%, 0, 0, 5, 1010.41, 341593, 583
409, 0, 443, 477, 225, 47, 32.50%, 0, 0, 5, 997.50, 346597, 583
414, 0, 390, 477, 224, 46, 32.50%, 0, 0, 5, 1013.04, 351597, 583
419, 0, 390, 477, 224, 46, 32.50%, 0, 0, 5, 160.00, 356737, 583
424, 0, 390, 477, 224, 46, 32.50%, 0, 0, 5, 1019.19, 361357, 583
429, 0, 472, 477, 224, 46, 32.50%, 0, 0, 5, 1002.48, 366305, 583
434, 0, 472, 477, 224, 46, 32.50%, 0, 0, 5, 1063.23, 371758, 583
439, 0, 460, 477, 223, 45, 32.50%, 0, 0, 5, 1057.43, 377132, 583
444, 0, 460, 477, 223, 45, 32.50%, 0, 0, 5, 1015.25, 382239, 583
449, 0, 460, 477, 223, 45, 32.50%, 0, 0, 5, 1051.11, 387779, 583
454, 0, 462, 477, 222, 44, 32.50%, 0, 0, 5, 1052.35, 393048, 583
459, 0, 462, 477, 222, 44, 32.50%, 0, 0, 5, 1071.54, 398550, 583
465, 0, 457, 477, 221, 43, 32.50%, 0, 0, 5, 1043.30, 403821, 583
470, 0, 457, 477, 221, 43, 32.50%, 0, 0, 5, 1030.08, 408961, 583
475, 0, 457, 477, 221, 43, 32.50%, 0, 0, 5, 1039.00, 414161, 583
480, 0, 474, 477, 220, 42, 32.50%, 0, 0, 5, 1026.74, 419518, 583
485, 0, 474, 477, 220, 42, 32.50%, 0, 0, 5, 1036.44, 424638, 583
490, 0, 474, 477, 220, 42, 32.50%, 0, 0, 5, 975.56, 429717, 583
495, 0, 468, 477, 219, 41, 32.50%, 0, 0, 5, 981.21, 434681, 583
500, 0, 468, 477, 219, 41, 32.50%, 0, 0, 5, 99.92, 439325, 583
505, 0, 468, 477, 219, 41, 32.50%, 0, 0, 5, 1016.50, 443815, 583
510, 0, 406, 477, 218, 40, 32.50%, 0, 0, 5, 1031.82, 449080, 583
516, 0, 406, 477, 218, 40, 32.50%, 0, 0, 5, 1026.83, 453760, 583
521, 0, 406, 477, 218, 40, 32.50%, 0, 0, 5, 1048.86, 458428, 583
526, 0, 448, 477, 217, 39, 32.50%, 0, 0, 5, 1092.05, 464156, 583
531, 0, 448, 477, 217, 39, 32.50%, 0, 0, 5, 1162.12, 470229, 583
536, 0, 416, 477, 216, 38, 32.50%, 0, 0, 5, 1078.64, 475711, 583
541, 0, 416, 477, 216, 38, 32.50%, 0, 0, 5, 1047.43, 480982, 583
546, 0, 416, 477, 216, 38, 32.50%, 0, 0, 5, 968.02, 485707, 583
551, 0, 436, 477, 215, 37, 32.50%, 0, 0, 5, 1027.88, 490994, 583
557, 0, 436, 478, 216, 37, 32.66%, 0, 0, 5, 1089.26, 495474, 586
562, 0, 436, 478, 216, 37, 32.66%, 0, 0, 5, 1012.24, 500262, 586
567, 0, 447, 478, 215, 37, 32.66%, 0, 0, 5, 1044.85, 505546, 586
572, 0, 447, 478, 215, 37, 32.66%, 0, 0, 5, 940.87, 509918, 586
577, 0, 414, 478, 215, 37, 32.66%, 0, 0, 5, 941.91, 514763, 586
582, 0, 414, 478, 215, 37, 32.66%, 0, 0, 5, 1056.98, 520244, 586
588, 0, 414, 478, 215, 37, 32.66%, 0, 0, 5, 88.55, 525221, 586
593, 0, 369, 478, 214, 36, 32.66%, 0, 0, 5, 1058.70, 529677, 586
598, 0, 369, 478, 214, 36, 32.66%, 0, 0, 5, 1029.49, 534295, 586
603, 0, 369, 478, 214, 36, 32.66%, 0, 0, 5, 1046.60, 539655, 586
608, 0, 427, 478, 213, 35, 32.66%, 0, 0, 5, 978.80, 544425, 586
614, 0, 427, 478, 213, 35, 32.66%, 0, 0, 5, 951.74, 549213, 586
619, 0, 427, 478, 213, 35, 32.66%, 0, 0, 5, 985.19, 554115, 586
624, 0, 170, 478, 212, 34, 32.66%, 0, 0, 5, 1006.79, 559195, 586
629, 0, 170, 478, 212, 34, 32.66%, 0, 0, 5, 976.44, 564037, 586
634, 0, 170, 478, 212, 34, 32.66%, 0, 0, 5, 1011.80, 569195, 586
639, 0, 445, 478, 211, 33, 32.66%, 0, 0, 5, 961.23, 574052, 586
644, 0, 445, 478, 211, 33, 32.66%, 0, 0, 5, 917.13, 578551, 586
649, 0, 445, 479, 212, 33, 32.66%, 0, 0, 5, 893.88, 583163, 586
654, 0, 420, 479, 211, 32, 32.66%, 0, 0, 5, 824.12, 587241, 586
659, 0, 420, 479, 211, 32, 32.66%, 0, 0, 5, 851.23, 591417, 586
664, 0, 420, 479, 211, 32, 32.66%, 0, 0, 5, 894.80, 596111, 586
669, 0, 471, 479, 210, 31, 32.66%, 0, 0, 5, 884.47, 600521, 586
675, 0, 471, 479, 210, 31, 32.66%, 0, 0, 5, 880.83, 605043, 586
680, 0, 471, 479, 210, 31, 32.66%, 0, 0, 5, 881.87, 609650, 586
685, 0, 477, 479, 209, 30, 32.66%, 0, 0, 5, 811.50, 613674, 586
690, 0, 477, 479, 209, 30, 32.66%, 0, 0, 5, 910.40, 618444, 586
695, 0, 477, 479, 209, 30, 32.66%, 0, 0, 5, 921.74, 623070, 586
700, 0, 456, 479, 208, 29, 32.66%, 0, 0, 5, 895.87, 627746, 586
705, 0, 456, 479, 208, 29, 32.66%, 0, 0, 5, 827.29, 631813, 586
711, 0, 456, 479, 208, 29, 32.66%, 0, 0, 5, 874.07, 636263, 586
716, 0, 371, 479, 207, 28, 32.66%, 0, 0, 5, 921.65, 640527, 586
721, 0, 371, 479, 207, 28, 32.66%, 0, 0, 5, 1017.90, 645773, 586
726, 0, 371, 479, 207, 28, 32.66%, 0, 0, 5, 1081.34, 651435, 586
731, 0, 397, 479, 206, 27, 32.66%, 0, 0, 5, 777.39, 654879, 586
736, 0, 397, 479, 206, 27, 32.66%, 0, 0, 5, 673.73, 658097, 586
741, 0, 397, 479, 206, 27, 32.66%, 0, 0, 5, 665.86, 661451, 586
746, 0, 397, 479, 206, 27, 32.66%, 0, 0, 5, 668.07, 664883, 586
751, 0, 425, 479, 205, 26, 32.66%, 0, 0, 5, 834.86, 668962, 586
756, 0, 425, 479, 205, 26, 32.66%, 0, 0, 5, 927.70, 673844, 586
762, 0, 425, 479, 205, 26, 32.66%, 0, 0, 5, 964.77, 678637, 586
767, 0, 450, 479, 204, 25, 32.66%, 0, 0, 5, 1032.38, 681419, 586
772, 0, 450, 479, 204, 25, 32.66%, 0, 0, 5, 6.99, 682961, 586
777, 0, 450, 480, 205, 25, 32.72%, 0, 0, 5, 996.47, 688127, 587
782, 0, 450, 480, 205, 25, 32.72%, 0, 0, 5, 963.96, 692870, 587
788, 0, 99, 480, 204, 25, 32.72%, 0, 0, 5, 12.75, 695386, 587
793, 0, 99, 480, 204, 25, 32.72%, 0, 0, 5, 914.76, 697472, 587
798, 0, 99, 481, 205, 25, 32.72%, 0, 0, 5, 934.33, 702178, 587
803, 0, 99, 481, 205, 25, 32.72%, 0, 0, 5, 867.93, 706519, 587
808, 0, 99, 481, 205, 25, 32.72%, 0, 0, 5, 795.26, 710416, 587
813, 0, 99, 481, 205, 25, 32.72%, 0, 0, 5, 898.52, 715240, 587
818, 0, 99, 481, 205, 25, 32.72%, 0, 0, 5, 909.80, 719782, 587
823, 0, 99, 481, 205, 25, 32.72%, 0, 0, 5, 838.03, 723536, 587
829, 0, 438, 481, 204, 25, 32.72%, 0, 0, 5, 941.66, 728420, 587
834, 0, 438, 481, 204, 25, 32.72%, 0, 0, 5, 1027.83, 733892, 587
839, 0, 415, 481, 203, 24, 32.72%, 0, 0, 5, 994.58, 738970, 587
844, 0, 479, 481, 202, 23, 32.72%, 0, 0, 5, 1017.08, 744097, 587
849, 0, 479, 482, 203, 23, 32.78%, 0, 0, 5, 1021.15, 749285, 588
854, 0, 467, 482, 202, 23, 32.78%, 0, 0, 5, 1023.13, 754510, 588
859, 0, 467, 482, 202, 23, 32.78%, 0, 0, 5, 1052.29, 759818, 588
864, 0, 422, 482, 201, 22, 32.78%, 0, 0, 5, 1005.92, 764603, 588
869, 0, 405, 482, 200, 21, 32.78%, 0, 0, 5, 1019.81, 769556, 588
875, 0, 405, 482, 200, 21, 32.78%, 0, 0, 5, 949.35, 774294, 588
880, 0, 481, 482, 199, 20, 32.78%, 0, 0, 5, 912.01, 778839, 588
885, 0, 481, 482, 199, 20, 32.78%, 0, 0, 5, 925.40, 783519, 588
890, 0, 453, 482, 198, 19, 32.78%, 0, 0, 5, 949.37, 788286, 588
895, 0, 453, 482, 198, 19, 32.78%, 0, 0, 5, 911.44, 792917, 588
900, 0, 412, 482, 198, 19, 32.78%, 0, 0, 5, 923.92, 797064, 588
905, 0, 412, 482, 198, 19, 32.78%, 0, 0, 5, 844.26, 801269, 588
910, 0, 454, 482, 197, 18, 32.78%, 0, 0, 5, 643.28, 804249, 588
915, 0, 454, 482, 197, 18, 32.78%, 0, 0, 5, 638.14, 807441, 588
920, 0, 465, 482, 196, 17, 32.78%, 0, 0, 5, 750.85, 811104, 588
925, 0, 465, 482, 196, 17, 32.78%, 0, 0, 5, 878.08, 815703, 588
930, 0, 409, 482, 195, 16, 32.78%, 0, 0, 5, 889.67, 820179, 588
935, 0, 409, 482, 195, 16, 32.78%, 0, 0, 5, 891.46, 824446, 588
940, 0, 403, 482, 194, 15, 32.78%, 0, 0, 5, 888.08, 828905, 588
945, 0, 403, 482, 194, 15, 32.78%, 0, 0, 5, 909.57, 833408, 588
951, 0, 390, 482, 193, 14, 32.78%, 0, 0, 5, 989.03, 838624, 588
956, 0, 366, 482, 193, 14, 32.78%, 0, 0, 5, 1010.93, 843844, 588
961, 0, 366, 482, 193, 14, 32.78%, 0, 0, 5, 997.10, 849003, 588
966, 0, 428, 482, 192, 14, 32.78%, 0, 0, 5, 939.10, 853661, 588
971, 0, 428, 482, 192, 14, 32.78%, 0, 0, 5, 906.12, 858179, 588
976, 0, 413, 482, 191, 14, 32.78%, 0, 0, 5, 928.04, 862854, 588
981, 0, 480, 482, 190, 13, 32.78%, 0, 0, 5, 912.06, 867483, 588
986, 0, 480, 483, 191, 13, 32.78%, 0, 0, 5, 861.42, 871790, 588
991, 0, 480, 483, 191, 13, 32.78%, 0, 0, 5, 858.16, 876142, 588
996, 0, 480, 483, 191, 13, 32.78%, 0, 0, 5, 863.30, 880562, 588
1002, 0, 480, 483, 191, 13, 32.78%, 0, 0, 5, 863.40, 884948, 588
1007, 0, 480, 483, 191, 13, 32.78%, 0, 0, 5, 848.42, 889229, 588
1012, 0, 449, 483, 190, 12, 32.78%, 0, 0, 5, 829.72, 893375, 588
1017, 0, 449, 483, 190, 12, 32.78%, 0, 0, 5, 831.97, 897519, 588
1022, 0, 449, 483, 190, 12, 32.78%, 0, 0, 5, 840.39, 901743, 588
1027, 0, 449, 483, 190, 12, 32.78%, 0, 0, 5, 807.15, 905855, 588
1032, 0, 449, 483, 190, 12, 32.78%, 0, 0, 5, 817.16, 909983, 588
1037, 0, 449, 483, 190, 12, 32.78%, 0, 0, 5, 817.66, 914159, 588
1042, 0, 449, 483, 190, 12, 32.78%, 0, 0, 5, 873.86, 918618, 588
1047, 0, 449, 483, 190, 12, 32.78%, 0, 0, 5, 928.71, 923491, 588
1052, 0, 437, 483, 189, 11, 32.78%, 0, 0, 5, 1047.98, 929074, 588
1057, 0, 390, 483, 188, 10, 32.78%, 0, 0, 5, 1087.26, 934571, 588
1062, 0, 390, 483, 188, 10, 32.78%, 0, 0, 5, 1129.22, 940310, 588
1068, 0, 452, 483, 188, 10, 32.78%, 0, 0, 5, 1102.85, 945892, 588
1073, 0, 391, 483, 187, 9, 32.78%, 0, 0, 5, 1121.92, 951633, 588
1078, 0, 391, 483, 187, 9, 32.78%, 0, 0, 5, 1086.21, 957045, 588
1083, 0, 444, 483, 187, 9, 32.78%, 0, 0, 5, 1103.02, 962541, 588
1088, 0, 391, 483, 186, 8, 32.78%, 0, 0, 5, 1085.10, 967916, 588
1093, 0, 391, 483, 186, 8, 32.78%, 0, 0, 5, 1004.21, 972865, 588
1098, 0, 470, 483, 186, 8, 32.78%, 0, 0, 5, 982.80, 977837, 588
1103, 0, 390, 483, 185, 7, 32.78%, 0, 0, 5, 1022.09, 982782, 588
1108, 0, 390, 483, 185, 7, 32.78%, 0, 0, 5, 1076.18, 988282, 588
1113, 0, 431, 483, 185, 7, 32.78%, 0, 0, 5, 1021.74, 993235, 588
1119, 0, 431, 483, 185, 7, 32.78%, 0, 0, 5, 1038.85, 997795, 588
1124, 0, 407, 483, 184, 6, 32.78%, 0, 0, 5, 1071.05, 1003185, 588
1129, 0, 445, 483, 183, 5, 32.78%, 0, 0, 5, 994.29, 1007883, 588
1135, 0, 445, 483, 183, 5, 32.78%, 0, 0, 5, 28.73, 1010680, 588
1140, 0, 390, 483, 183, 5, 32.78%, 0, 0, 5, 956.26, 1015372, 588
1145, 0, 390, 483, 183, 5, 32.78%, 0, 0, 5, 95.63, 1017695, 588
1150, 0, 390, 483, 183, 5, 32.78%, 0, 0, 5, 1109.17, 1022150, 588
1155, 0, 303, 487, 187, 5, 32.78%, 0, 0, 5, 274.25, 1024292, 588
1161, 0, 303, 487, 187, 5, 32.78%, 0, 0, 5, 378.04, 1026141, 588
1166, 0, 303, 488, 188, 5, 33.00%, 0, 0, 5, 358.23, 1027339, 592
1171, 0, 303, 488, 188, 5, 33.00%, 0, 0, 5, 29.68, 1028522, 592
1176, 0, 303, 488, 188, 5, 33.00%, 0, 0, 5, 346.84, 1028773, 592
1181, 0, 303, 489, 189, 5, 33.00%, 0, 0, 5, 368.67, 1030441, 592
1186, 0, 303, 489, 189, 5, 33.00%, 0, 0, 5, 350.98, 1032117, 592
1191, 0, 303, 489, 189, 5, 33.00%, 0, 0, 5, 361.53, 1033955, 592
1196, 0, 303, 489, 189, 5, 33.00%, 0, 0, 5, 368.55, 1035873, 592
1201, 0, 303, 489, 189, 5, 33.00%, 0, 0, 5, 372.79, 1037693, 592
1206, 0, 303, 489, 189, 5, 33.00%, 0, 0, 5, 23.87, 1038902, 592
1212, 0, 303, 489, 189, 5, 33.00%, 0, 0, 5, 361.26, 1040640, 592
1217, 0, 303, 489, 189, 5, 33.00%, 0, 0, 5, 355.89, 1042397, 592
1222, 0, 303, 489, 189, 5, 33.00%, 0, 0, 5, 358.75, 1044252, 592
1227, 0, 303, 489, 189, 5, 33.00%, 0, 0, 5, 358.44, 1046044, 592
1232, 0, 303, 489, 189, 5, 33.00%, 0, 0, 5, 360.89, 1047759, 592
1237, 0, 303, 489, 189, 5, 33.00%, 0, 0, 5, 363.23, 1049551, 592
1242, 0, 303, 489, 189, 5, 33.00%, 0, 0, 5, 30.70, 1051245, 592
1247, 0, 303, 489, 189, 5, 33.00%, 0, 0, 5, 360.21, 1053044, 592
1252, 0, 303, 489, 189, 5, 33.00%, 0, 0, 5, 39.15, 1054152, 592
1258, 0, 303, 489, 189, 5, 33.00%, 0, 0, 5, 34.70, 1054307, 592
1263, 0, 463, 489, 188, 5, 33.00%, 0, 0, 5, 463.46, 1056575, 592
1268, 0, 463, 489, 188, 5, 33.00%, 0, 0, 5, 896.20, 1061135, 592
1273, 0, 210, 489, 188, 5, 33.00%, 0, 0, 5, 112.75, 1064227, 592
1278, 0, 210, 489, 188, 5, 33.00%, 0, 0, 5, 115.38, 1064811, 592
1283, 0, 210, 489, 188, 5, 33.00%, 0, 0, 5, 118.57, 1065427, 592
1288, 0, 210, 489, 188, 5, 33.00%, 0, 0, 5, 116.23, 1066007, 592
1294, 0, 210, 489, 188, 5, 33.00%, 0, 0, 5, 109.68, 1066557, 592
1299, 0, 210, 489, 188, 5, 33.00%, 0, 0, 5, 104.11, 1067079, 592
1304, 0, 210, 489, 188, 5, 33.00%, 0, 0, 5, 57.79, 1067192, 592
1309, 0, 210, 489, 188, 5, 33.00%, 0, 0, 5, 95.40, 1067735, 592
1315, 0, 210, 489, 188, 5, 33.00%, 0, 0, 5, 109.84, 1068313, 592
1320, 0, 210, 489, 188, 5, 33.00%, 0, 0, 5, 91.47, 1068757, 592
1325, 0, 210, 489, 188, 5, 33.00%, 0, 0, 5, 124.00, 1069037, 592
1330, 0, 210, 489, 188, 5, 33.00%, 0, 0, 5, 111.13, 1069569, 592
1335, 0, 210, 489, 188, 5, 33.00%, 0, 0, 5, 39.30, 1069826, 592
1341, 0, 210, 489, 188, 5, 33.00%, 0, 0, 5, 25.32, 1070022, 592
1346, 0, 210, 490, 189, 5, 33.00%, 0, 0, 5, 89.70, 1070512, 592
1351, 0, 210, 490, 189, 5, 33.00%, 0, 0, 5, 114.70, 1071101, 592
1356, 0, 210, 490, 189, 5, 33.00%, 0, 0, 5, 115.31, 1071681, 592
1361, 0, 210, 490, 189, 5, 33.00%, 0, 0, 5, 114.79, 1072257, 592
1366, 0, 210, 490, 189, 5, 33.00%, 0, 0, 5, 111.66, 1072811, 592
1371, 0, 210, 490, 189, 5, 33.00%, 0, 0, 5, 110.76, 1073389, 592
1376, 0, 210, 490, 189, 5, 33.00%, 0, 0, 5, 104.78, 1073911, 592
1381, 0, 210, 490, 189, 5, 33.00%, 0, 0, 5, 97.98, 1074397, 592
1386, 0, 210, 490, 189, 5, 33.00%, 0, 0, 5, 102.25, 1074913, 592
1391, 0, 210, 490, 189, 5, 33.00%, 0, 0, 5, 111.02, 1075475, 592
1396, 0, 210, 490, 189, 5, 33.00%, 0, 0, 5, 109.11, 1076033, 592
1401, 0, 210, 490, 189, 5, 33.00%, 0, 0, 5, 8.97, 1076515, 592
1407, 0, 210, 490, 189, 5, 33.00%, 0, 0, 5, 104.26, 1077017, 592
1412, 0, 210, 490, 189, 5, 33.00%, 0, 0, 5, 88.85, 1077491, 592
1417, 0, 210, 490, 189, 5, 33.00%, 0, 0, 5, 16.05, 1077899, 592
1422, 0, 210, 490, 189, 5, 33.00%, 0, 0, 5, 53.72, 1078197, 592
1427, 0, 210, 490, 189, 5, 33.00%, 0, 0, 5, 90.89, 1078681, 592
1432, 0, 210, 490, 189, 5, 33.00%, 0, 0, 5, 107.62, 1079247, 592
1437, 0, 210, 490, 189, 5, 33.00%, 0, 0, 5, 112.53, 1079621, 592
1442, 0, 210, 490, 189, 5, 33.00%, 0, 0, 5, 107.70, 1080119, 592
1447, 0, 210, 490, 189, 5, 33.00%, 0, 0, 5, 111.01, 1080655, 592
1452, 0, 210, 490, 189, 5, 33.00%, 0, 0, 5, 104.62, 1081177, 592
1457, 0, 210, 490, 189, 5, 33.00%, 0, 0, 5, 105.31, 1081707, 592
1462, 0, 210, 490, 189, 5, 33.00%, 0, 0, 5, 116.00, 1082261, 592
1467, 0, 210, 490, 189, 5, 33.00%, 0, 0, 5, 7.24, 1082739, 592
1472, 0, 210, 490, 189, 5, 33.00%, 0, 0, 5, 7.45, 1082774, 592
1477, 0, 210, 490, 189, 5, 33.00%, 0, 0, 5, 85.68, 1082912, 592
1483, 0, 210, 490, 189, 5, 33.00%, 0, 0, 5, 107.01, 1083499, 592
1488, 0, 210, 490, 189, 5, 33.00%, 0, 0, 5, 111.52, 1084073, 592
1493, 0, 210, 490, 189, 5, 33.00%, 0, 0, 5, 108.90, 1084625, 592
1498, 0, 210, 490, 189, 5, 33.00%, 0, 0, 5, 111.10, 1085189, 592
1504, 0, 210, 490, 189, 5, 33.00%, 0, 0, 5, 3.48, 1085328, 592
1509, 0, 210, 490, 189, 5, 33.00%, 0, 0, 5, 13.10, 1085463, 592
1514, 0, 210, 490, 189, 5, 33.00%, 0, 0, 5, 106.74, 1085977, 592
1520, 0, 210, 490, 189, 5, 33.00%, 0, 0, 5, 110.40, 1086547, 592
1525, 0, 210, 490, 189, 5, 33.00%, 0, 0, 5, 103.49, 1087049, 592
1530, 0, 210, 490, 189, 5, 33.00%, 0, 0, 5, 6.41, 1087415, 592
1536, 0, 210, 490, 189, 5, 33.00%, 0, 0, 5, 49.56, 1087541, 592
1541, 0, 210, 490, 189, 5, 33.00%, 0, 0, 5, 112.09, 1087916, 592
1546, 0, 210, 490, 189, 5, 33.00%, 0, 0, 5, 115.18, 1088484, 592
1551, 0, 466, 490, 188, 4, 33.00%, 0, 0, 5, 1047.70, 1093258, 592
1556, 0, 466, 490, 188, 4, 33.00%, 0, 0, 5, 1133.74, 1099266, 592
1561, 0, 466, 490, 188, 4, 33.00%, 0, 0, 5, 1097.13, 1104557, 592
1566, 0, 466, 490, 188, 4, 33.00%, 0, 0, 5, 1093.91, 1109954, 592
1571, 0, 445, 490, 188, 4, 33.00%, 0, 0, 5, 995.34, 1114486, 592
1576, 0, 445, 490, 188, 4, 33.00%, 0, 0, 5, 1138.07, 1119464, 592
1582, 0, 445, 490, 188, 4, 33.00%, 0, 0, 5, 1075.47, 1124786, 592
1587, 0, 445, 490, 188, 4, 33.00%, 0, 0, 5, 1020.15, 1126234, 592
1592, 0, 445, 490, 188, 4, 33.00%, 0, 0, 5, 119.44, 1129362, 592
1597, 0, 445, 490, 188, 4, 33.00%, 0, 0, 5, 93.29, 1131778, 592
1602, 0, 445, 490, 188, 4, 33.00%, 0, 0, 5, 1150.27, 1136470, 592
1607, 0, 390, 490, 188, 4, 33.00%, 0, 0, 5, 818.86, 1139306, 592
1612, 0, 390, 490, 188, 4, 33.00%, 0, 0, 5, 98.62, 1141074, 592
1617, 0, 390, 490, 188, 4, 33.00%, 0, 0, 5, 1151.95, 1146441, 592
1622, 0, 390, 490, 188, 4, 33.00%, 0, 0, 5, 1148.00, 1152158, 592
1627, 0, 390, 490, 188, 4, 33.00%, 0, 0, 5, 1206.71, 1158242, 592
1633, 0, 390, 490, 188, 4, 33.00%, 0, 0, 5, 1206.52, 1164362, 592
1638, 0, 390, 490, 188, 4, 33.00%, 0, 0, 5, 1229.54, 1170842, 592
1643, 0, 390, 490, 188, 4, 33.00%, 0, 0, 5, 1190.46, 1176813, 592
1648, 0, 390, 490, 188, 4, 33.00%, 0, 0, 5, 1190.20, 1182839, 592
1653, 0, 438, 490, 188, 4, 33.00%, 0, 0, 5, 1183.67, 1189038, 592
1658, 0, 438, 490, 188, 4, 33.00%, 0, 0, 5, 989.22, 1193876, 592
1663, 0, 438, 490, 188, 4, 33.00%, 0, 0, 5, 1012.03, 1198842, 592
1668, 0, 438, 490, 188, 4, 33.00%, 0, 0, 5, 907.05, 1203302, 592
1674, 0, 438, 490, 188, 4, 33.00%, 0, 0, 5, 892.78, 1207611, 592
1679, 0, 391, 490, 188, 4, 33.00%, 0, 0, 5, 959.44, 1212524, 592
1684, 0, 391, 490, 188, 4, 33.00%, 0, 0, 5, 948.20, 1217222, 592
1689, 0, 391, 490, 188, 4, 33.00%, 0, 0, 5, 959.76, 1222138, 592
1694, 0, 391, 490, 188, 4, 33.00%, 0, 0, 5, 972.05, 1227002, 592
1699, 0, 391, 490, 188, 4, 33.00%, 0, 0, 5, 70.25, 1231337, 592
1704, 0, 391, 490, 188, 4, 33.00%, 0, 0, 5, 930.98, 1235078, 592
1709, 0, 489, 491, 189, 4, 33.00%, 0, 0, 5, 23.81, 1236598, 592
1715, 0, 489, 491, 189, 4, 33.00%, 0, 0, 5, 129.64, 1237200, 592
1720, 0, 489, 491, 189, 4, 33.00%, 0, 0, 5, 136.76, 1237890, 592
1725, 0, 489, 491, 189, 4, 33.00%, 0, 0, 5, 132.58, 1238558, 592
1730, 0, 489, 491, 189, 4, 33.00%, 0, 0, 5, 141.79, 1239292, 592
1735, 0, 489, 491, 189, 4, 33.00%, 0, 0, 5, 142.09, 1239980, 592
1740, 0, 489, 491, 189, 4, 33.00%, 0, 0, 5, 146.43, 1240746, 592
1745, 0, 489, 491, 189, 4, 33.00%, 0, 0, 5, 89.69, 1241095, 592
1750, 0, 489, 491, 189, 4, 33.00%, 0, 0, 5, 130.75, 1241816, 592
1756, 0, 489, 491, 189, 4, 33.00%, 0, 0, 5, 138.56, 1242532, 592
1761, 0, 489, 491, 189, 4, 33.00%, 0, 0, 5, 117.59, 1242964, 592
1766, 0, 489, 491, 189, 4, 33.00%, 0, 0, 5, 130.01, 1243638, 592
1771, 0, 489, 491, 189, 4, 33.00%, 0, 0, 5, 141.15, 1244376, 592
1776, 0, 489, 491, 189, 4, 33.00%, 0, 0, 5, 142.20, 1245104, 592
1781, 0, 489, 491, 189, 4, 33.00%, 0, 0, 5, 141.61, 1245826, 592
1786, 0, 489, 491, 189, 4, 33.00%, 0, 0, 5, 89.63, 1246500, 592
1792, 0, 489, 491, 189, 4, 33.00%, 0, 0, 5, 138.03, 1247264, 592
1797, 0, 489, 491, 189, 4, 33.00%, 0, 0, 5, 140.56, 1247896, 592
1802, 0, 489, 491, 189, 4, 33.00%, 0, 0, 5, 141.48, 1248600, 592
1807, 0, 489, 491, 189, 4, 33.00%, 0, 0, 5, 144.42, 1249340, 592
1812, 0, 489, 491, 189, 4, 33.00%, 0, 0, 5, 145.06, 1250024, 592
1817, 0, 489, 491, 189, 4, 33.00%, 0, 0, 5, 149.41, 1250796, 592
1822, 0, 489, 491, 189, 4, 33.00%, 0, 0, 5, 151.91, 1251557, 592
1827, 0, 489, 491, 189, 4, 33.00%, 0, 0, 5, 146.47, 1252294, 592
1833, 0, 489, 491, 189, 4, 33.00%, 0, 0, 5, 17.20, 1252588, 592
1838, 0, 489, 491, 189, 4, 33.00%, 0, 0, 5, 137.16, 1253250, 592
1843, 0, 489, 491, 189, 4, 33.00%, 0, 0, 5, 149.27, 1253890, 592
1848, 0, 489, 491, 189, 4, 33.00%, 0, 0, 5, 148.00, 1254626, 592
1853, 0, 489, 491, 189, 4, 33.00%, 0, 0, 5, 137.64, 1255342, 592
1858, 0, 489, 492, 190, 4, 33.17%, 0, 0, 5, 138.43, 1256062, 595
1863, 0, 489, 492, 190, 4, 33.17%, 0, 0, 5, 137.11, 1256736, 595
1868, 0, 489, 492, 190, 4, 33.17%, 0, 0, 5, 141.99, 1257450, 595
1873, 0, 489, 492, 190, 4, 33.17%, 0, 0, 5, 131.21, 1258024, 595
1879, 0, 489, 492, 190, 4, 33.17%, 0, 0, 5, 145.55, 1258788, 595
1884, 0, 489, 492, 190, 4, 33.17%, 0, 0, 5, 148.39, 1259560, 595
1889, 0, 489, 492, 190, 4, 33.17%, 0, 0, 5, 131.17, 1260194, 595
1894, 0, 489, 492, 190, 4, 33.17%, 0, 0, 5, 146.15, 1260930, 595
1899, 0, 489, 492, 190, 4, 33.17%, 0, 0, 5, 145.63, 1261660, 595
1904, 0, 489, 492, 190, 4, 33.17%, 0, 0, 5, 146.96, 1262392, 595
1909, 0, 489, 492, 190, 4, 33.17%, 0, 0, 5, 5.51, 1262458, 595
1914, 0, 489, 492, 190, 4, 33.17%, 0, 0, 5, 12.73, 1262687, 595
1919, 0, 489, 492, 190, 4, 33.17%, 0, 0, 5, 17.09, 1263380, 595
1925, 0, 489, 492, 190, 4, 33.17%, 0, 0, 5, 127.73, 1264034, 595
1930, 0, 489, 492, 190, 4, 33.17%, 0, 0, 5, 117.56, 1264622, 595
1935, 0, 489, 492, 190, 4, 33.17%, 0, 0, 5, 122.85, 1265242, 595
1940, 0, 489, 492, 190, 4, 33.17%, 0, 0, 5, 125.76, 1265836, 595
1945, 0, 489, 492, 190, 4, 33.17%, 0, 0, 5, 135.47, 1266550, 595
1950, 0, 489, 492, 190, 4, 33.17%, 0, 0, 5, 139.60, 1267280, 595
1955, 0, 489, 492, 190, 4, 33.17%, 0, 0, 5, 132.68, 1267962, 595
1961, 0, 489, 492, 190, 4, 33.17%, 0, 0, 5, 135.70, 1268662, 595
1966, 0, 490, 494, 191, 5, 33.17%, 0, 0, 5, 139.56, 1269384, 595
1971, 0, 490, 494, 191, 5, 33.17%, 0, 0, 5, 138.00, 1270098, 595
1976, 0, 490, 494, 191, 5, 33.17%, 0, 0, 5, 145.55, 1270864, 595
1981, 0, 490, 494, 191, 5, 33.17%, 0, 0, 5, 136.31, 1271534, 595
1986, 0, 490, 494, 191, 5, 33.17%, 0, 0, 5, 145.25, 1272234, 595
1991, 0, 490, 494, 191, 5, 33.17%, 0, 0, 5, 146.05, 1272958, 595
1996, 0, 490, 494, 191, 5, 33.17%, 0, 0, 5, 137.87, 1273650, 595
2002, 0, 490, 494, 191, 5, 33.17%, 0, 0, 5, 137.28, 1274322, 595
2007, 0, 490, 494, 191, 5, 33.17%, 0, 0, 5, 143.89, 1275070, 595
2012, 0, 490, 494, 191, 5, 33.17%, 0, 0, 5, 152.71, 1275620, 595
2017, 0, 490, 494, 191, 5, 33.17%, 0, 0, 5, 147.51, 1276380, 595
2022, 0, 490, 494, 191, 5, 33.17%, 0, 0, 5, 148.85, 1277134, 595
2027, 0, 490, 494, 191, 5, 33.17%, 0, 0, 5, 147.97, 1277864, 595
2032, 0, 490, 494, 191, 5, 33.17%, 0, 0, 5, 142.39, 1278558, 595
2037, 0, 490, 494, 191, 5, 33.17%, 0, 0, 5, 129.04, 1279250, 595
2043, 0, 490, 494, 191, 5, 33.17%, 0, 0, 5, 1.29, 1279418, 595
2049, 0, 490, 494, 191, 5, 33.17%, 0, 0, 5, 9.25, 1279817, 595
2054, 0, 490, 494, 191, 5, 33.17%, 0, 0, 5, 41.73, 1279886, 595
2059, 0, 490, 494, 191, 5, 33.17%, 0, 0, 5, 145.76, 1280134, 595
2064, 0, 490, 494, 191, 5, 33.17%, 0, 0, 5, 146.91, 1280900, 595
2069, 0, 490, 494, 191, 5, 33.17%, 0, 0, 5, 103.42, 1281518, 595
2074, 0, 490, 494, 191, 5, 33.17%, 0, 0, 5, 141.69, 1282300, 595
2079, 0, 490, 494, 191, 5, 33.17%, 0, 0, 5, 9.26, 1282886, 595
2085, 0, 490, 494, 191, 5, 33.17%, 0, 0, 5, 23.99, 1283411, 595
2090, 0, 490, 494, 191, 5, 33.17%, 0, 0, 5, 155.70, 1284041, 595
2095, 0, 490, 494, 191, 5, 33.17%, 0, 0, 5, 92.82, 1284389, 595
2100, 0, 490, 494, 191, 5, 33.17%, 0, 0, 5, 138.12, 1285116, 595
2105, 0, 490, 494, 191, 5, 33.17%, 0, 0, 5, 16.47, 1285300, 595
2111, 0, 490, 494, 191, 5, 33.17%, 0, 0, 5, 11.33, 1285329, 595
2116, 0, 490, 494, 191, 5, 33.17%, 0, 0, 5, 149.62, 1286014, 595
2121, 0, 490, 494, 191, 5, 33.17%, 0, 0, 5, 151.54, 1286780, 595
2126, 0, 490, 494, 191, 5, 33.17%, 0, 0, 5, 154.79, 1287527, 595
2131, 0, 490, 494, 191, 5, 33.17%, 0, 0, 5, 151.70, 1288289, 595
2136, 0, 490, 494, 191, 5, 33.17%, 0, 0, 5, 150.69, 1288997, 595
2142, 0, 490, 494, 191, 5, 33.17%, 0, 0, 5, 148.12, 1289574, 595
2147, 0, 490, 494, 191, 5, 33.17%, 0, 0, 5, 142.29, 1290238, 595
2152, 0, 490, 495, 192, 5, 33.17%, 0, 0, 5, 145.38, 1290948, 595
2157, 0, 490, 495, 192, 5, 33.17%, 0, 0, 5, 142.27, 1291646, 595
2162, 0, 490, 495, 192, 5, 33.17%, 0, 0, 5, 145.67, 1292368, 595
2167, 0, 490, 495, 192, 5, 33.17%, 0, 0, 5, 149.98, 1292977, 595
2172, 0, 490, 495, 192, 5, 33.17%, 0, 0, 5, 150.34, 1293757, 595
2177, 0, 490, 495, 192, 5, 33.17%, 0, 0, 5, 149.46, 1294498, 595
2182, 0, 490, 495, 192, 5, 33.17%, 0, 0, 5, 153.98, 1295278, 595
2187, 0, 490, 495, 192, 5, 33.17%, 0, 0, 5, 150.59, 1295950, 595
2192, 0, 490, 495, 192, 5, 33.17%, 0, 0, 5, 142.59, 1296614, 595
2198, 0, 490, 495, 192, 5, 33.17%, 0, 0, 5, 126.15, 1297282, 595
2203, 0, 490, 495, 192, 5, 33.17%, 0, 0, 5, 134.97, 1297934, 595
2208, 0, 490, 495, 192, 5, 33.17%, 0, 0, 5, 9.19, 1298270, 595
2213, 0, 490, 495, 192, 5, 33.17%, 0, 0, 5, 73.70, 1298463, 595
2219, 0, 490, 495, 192, 5, 33.17%, 0, 0, 5, 29.49, 1298533, 595
2225, 0, 490, 495, 192, 5, 33.17%, 0, 0, 5, 9.24, 1298664, 595
2230, 0, 490, 495, 192, 5, 33.17%, 0, 0, 5, 2.13, 1298678, 595
2235, 0, 490, 495, 192, 5, 33.17%, 0, 0, 5, 76.18, 1299028, 595
2240, 0, 490, 495, 192, 5, 33.17%, 0, 0, 5, 6.83, 1299576, 595
2245, 0, 490, 495, 192, 5, 33.17%, 0, 0, 5, 69.62, 1299721, 595
2250, 0, 490, 495, 192, 5, 33.17%, 0, 0, 5, 129.34, 1300432, 595
2255, 0, 490, 495, 192, 5, 33.17%, 0, 0, 5, 136.31, 1301134, 595
2261, 0, 395, 495, 191, 5, 33.17%, 0, 0, 5, 293.45, 1302350, 595
2266, 0, 395, 495, 191, 5, 33.17%, 0, 0, 5, 606.97, 1305848, 595
2271, 0, 395, 495, 191, 5, 33.17%, 0, 0, 5, 650.59, 1309080, 595
2276, 0, 405, 495, 191, 5, 33.17%, 0, 0, 5, 1043.44, 1314622, 595
2281, 0, 391, 495, 191, 5, 33.17%, 0, 0, 5, 196.32, 1320742, 595
2286, 0, 374, 495, 191, 5, 33.17%, 0, 0, 5, 1177.06, 1326338, 595
2291, 0, 374, 495, 191, 5, 33.17%, 0, 0, 5, 189.30, 1331214, 595
2297, 0, 455, 495, 191, 5, 33.17%, 0, 0, 5, 800.96, 1335488, 595
2302, 0, 455, 495, 191, 5, 33.17%, 0, 0, 5, 919.87, 1340414, 595
2307, 0, 477, 495, 191, 5, 33.17%, 0, 0, 5, 987.89, 1345385, 595
2312, 0, 477, 495, 191, 5, 33.17%, 0, 0, 5, 1050.82, 1350750, 595
2317, 0, 477, 500, 196, 5, 33.17%, 0, 0, 5, 8.08, 1350966, 595
2322, 0, 507, 510, 206, 9, 34.17%, 0, 0, 5, 854.06, 1355264, 613
2327, 0, 506, 510, 205, 8, 34.17%, 0, 0, 5, 922.19, 1359522, 613
2332, 0, 506, 510, 205, 8, 34.17%, 0, 0, 5, 1071.76, 1365114, 613
2337, 0, 391, 510, 204, 7, 34.17%, 0, 0, 5, 1108.11, 1370742, 613
2342, 0, 505, 510, 204, 7, 34.17%, 0, 0, 5, 1119.73, 1376458, 613
2347, 0, 505, 510, 204, 7, 34.17%, 0, 0, 5, 1091.85, 1381928, 613
2352, 0, 400, 510, 203, 6, 34.17%, 0, 0, 5, 1090.57, 1387453, 613
2358, 0, 504, 510, 203, 6, 34.17%, 0, 0, 5, 1061.82, 1392881, 613
2364, 0, 504, 510, 203, 6, 34.17%, 0, 0, 5, 20.22, 1395896, 613
2369, 0, 504, 510, 203, 6, 34.17%, 0, 0, 5, 57.70, 1395995, 613
2374, 0, 504, 510, 203, 6, 34.17%, 0, 0, 5, 891.28, 1398886, 613
2379, 0, 504, 511, 204, 6, 34.23%, 0, 0, 5, 922.93, 1403518, 614
2384, 0, 504, 511, 204, 6, 34.23%, 0, 0, 5, 920.83, 1408180, 614
2389, 0, 504, 511, 204, 6, 34.23%, 0, 0, 5, 892.14, 1412528, 614
2394, 0, 504, 511, 204, 6, 34.23%, 0, 0, 5, 852.62, 1416744, 614
2399, 0, 504, 511, 204, 6, 34.23%, 0, 0, 5, 137.10, 1420858, 614
2404, 0, 390, 511, 203, 6, 34.23%, 0, 0, 5, 896.48, 1425185, 614
2409, 0, 390, 511, 203, 6, 34.23%, 0, 0, 5, 1040.87, 1430364, 614
2415, 0, 510, 511, 203, 6, 34.23%, 0, 0, 5, 1.50, 1433182, 614
2420, 0, 510, 511, 203, 6, 34.23%, 0, 0, 5, 946.85, 1436147, 614
2425, 0, 510, 511, 203, 6, 34.23%, 0, 0, 5, 8.39, 1437368, 614
2430, 0, 510, 511, 203, 6, 34.23%, 0, 0, 5, 7.74, 1437424, 614
2436, 0, 510, 511, 203, 6, 34.23%, 0, 0, 5, 1021.66, 1438177, 614
2441, 0, 510, 511, 203, 6, 34.23%, 0, 0, 5, 83.33, 1442753, 614
2446, 0, 510, 511, 203, 6, 34.23%, 0, 0, 5, 898.20, 1447287, 614
2451, 0, 510, 511, 203, 6, 34.23%, 0, 0, 5, 871.13, 1451411, 614
2456, 0, 510, 511, 203, 6, 34.23%, 0, 0, 5, 803.49, 1455769, 614
2461, 0, 510, 511, 203, 6, 34.23%, 0, 0, 5, 883.98, 1458337, 614
2468, 0, 510, 511, 203, 6, 34.23%, 0, 0, 5, 4.42, 1461074, 614
2474, 0, 510, 511, 203, 6, 34.23%, 0, 0, 5, 3.46, 1461189, 614
2479, 0, 510, 511, 203, 6, 34.23%, 0, 0, 5, 791.33, 1465772, 614
2484, 0, 400, 511, 202, 5, 34.23%, 0, 0, 5, 1082.10, 1471720, 614
2489, 0, 378, 511, 202, 5, 34.23%, 0, 0, 5, 1135.24, 1477459, 614
2494, 0, 400, 511, 202, 5, 34.23%, 0, 0, 5, 1129.60, 1483165, 614
2499, 0, 400, 511, 202, 5, 34.23%, 0, 0, 5, 1093.77, 1488650, 614
2504, 0, 390, 511, 202, 5, 34.23%, 0, 0, 5, 1151.77, 1494500, 614
2509, 0, 390, 511, 202, 5, 34.23%, 0, 0, 5, 1107.05, 1499153, 614
2514, 0, 390, 511, 202, 5, 34.23%, 0, 0, 5, 1094.33, 1504635, 614
2519, 0, 445, 511, 202, 5, 34.23%, 0, 0, 5, 1092.18, 1510139, 614
2524, 0, 445, 511, 202, 5, 34.23%, 0, 0, 5, 1083.53, 1515095, 614
2529, 0, 390, 511, 202, 5, 34.23%, 0, 0, 5, 1104.31, 1520729, 614
2535, 0, 391, 511, 202, 5, 34.23%, 0, 0, 5, 1086.19, 1526082, 614
2540, 0, 391, 511, 202, 5, 34.23%, 0, 0, 5, 1015.01, 1531229, 614
2545, 0, 494, 511, 202, 5, 34.23%, 0, 0, 5, 1.34, 1531822, 614
2550, 0, 494, 511, 202, 5, 34.23%, 0, 0, 5, 1.99, 1531858, 614
2556, 0, 494, 511, 202, 5, 34.23%, 0, 0, 5, 103.31, 1532085, 614
2561, 0, 494, 511, 202, 5, 34.23%, 0, 0, 5, 113.36, 1532673, 614
2566, 0, 494, 511, 202, 5, 34.23%, 0, 0, 5, 9.76, 1533101, 614
2571, 0, 494, 511, 202, 5, 34.23%, 0, 0, 5, 113.84, 1533653, 614
2576, 0, 494, 511, 202, 5, 34.23%, 0, 0, 5, 2.63, 1533905, 614
2581, 0, 494, 511, 202, 5, 34.23%, 0, 0, 5, 34.78, 1533997, 614
2586, 0, 494, 511, 202, 5, 34.23%, 0, 0, 5, 100.32, 1534584, 614
2591, 0, 494, 511, 202, 5, 34.23%, 0, 0, 5, 111.17, 1535157, 614
2596, 0, 494, 511, 202, 5, 34.23%, 0, 0, 5, 115.45, 1535759, 614
2602, 0, 494, 511, 202, 5, 34.23%, 0, 0, 5, 106.97, 1536307, 614
2607, 0, 494, 511, 202, 5, 34.23%, 0, 0, 5, 116.09, 1536885, 614
2612, 0, 494, 511, 202, 5, 34.23%, 0, 0, 5, 105.95, 1537381, 614
2617, 0, 494, 511, 202, 5, 34.23%, 0, 0, 5, 112.89, 1537957, 614
2622, 0, 494, 511, 202, 5, 34.23%, 0, 0, 5, 105.33, 1538453, 614
2627, 0, 494, 511, 202, 5, 34.23%, 0, 0, 5, 34.92, 1538624, 614
2632, 0, 494, 511, 202, 5, 34.23%, 0, 0, 5, 43.56, 1538720, 614
2637, 0, 494, 511, 202, 5, 34.23%, 0, 0, 5, 94.35, 1539260, 614
2643, 0, 494, 511, 202, 5, 34.23%, 0, 0, 5, 103.18, 1539709, 614
2648, 0, 494, 511, 202, 5, 34.23%, 0, 0, 5, 82.95, 1540119, 614
2653, 0, 494, 511, 202, 5, 34.23%, 0, 0, 5, 63.97, 1540392, 614
2658, 0, 494, 511, 202, 5, 34.23%, 0, 0, 5, 113.44, 1540955, 614
2663, 0, 494, 511, 202, 5, 34.23%, 0, 0, 5, 113.93, 1541531, 614
2668, 0, 494, 511, 202, 5, 34.23%, 0, 0, 5, 115.71, 1542107, 614
2673, 0, 494, 511, 202, 5, 34.23%, 0, 0, 5, 122.15, 1542723, 614
2678, 0, 494, 511, 202, 5, 34.23%, 0, 0, 5, 123.57, 1543365, 614
2683, 0, 494, 511, 202, 5, 34.23%, 0, 0, 5, 125.26, 1543749, 614
2688, 0, 494, 511, 202, 5, 34.23%, 0, 0, 5, 41.30, 1544347, 614
2693, 0, 494, 511, 202, 5, 34.23%, 0, 0, 5, 103.60, 1544965, 614
2699, 0, 494, 511, 202, 5, 34.23%, 0, 0, 5, 117.19, 1545589, 614
2704, 0, 494, 511, 202, 5, 34.23%, 0, 0, 5, 119.00, 1546205, 614
2709, 0, 494, 511, 202, 5, 34.23%, 0, 0, 5, 118.51, 1546799, 614
2714, 0, 494, 512, 203, 5, 34.23%, 0, 0, 5, 121.16, 1547431, 614
2719, 0, 494, 512, 203, 5, 34.23%, 0, 0, 5, 122.79, 1548075, 614
2724, 0, 494, 512, 203, 5, 34.23%, 0, 0, 5, 118.42, 1548667, 614
2729, 0, 494, 512, 203, 5, 34.23%, 0, 0, 5, 122.11, 1549279, 614
2734, 0, 494, 512, 203, 5, 34.23%, 0, 0, 5, 119.29, 1549867, 614
2740, 0, 494, 512, 203, 5, 34.23%, 0, 0, 5, 122.55, 1550370, 614
2745, 0, 494, 512, 203, 5, 34.23%, 0, 0, 5, 117.05, 1550939, 614
2750, 0, 494, 512, 203, 5, 34.23%, 0, 0, 5, 116.62, 1551545, 614
2755, 0, 494, 512, 203, 5, 34.23%, 0, 0, 5, 116.82, 1552155, 614
2760, 0, 494, 512, 203, 5, 34.23%, 0, 0, 5, 116.91, 1552747, 614
2765, 0, 494, 512, 203, 5, 34.23%, 0, 0, 5, 114.73, 1553323, 614
2770, 0, 494, 512, 203, 5, 34.23%, 0, 0, 5, 114.14, 1553903, 614
2775, 0, 494, 512, 203, 5, 34.23%, 0, 0, 5, 4.80, 1554383, 614
2781, 0, 494, 512, 203, 5, 34.23%, 0, 0, 5, 97.58, 1554935, 614
2786, 0, 494, 512, 203, 5, 34.23%, 0, 0, 5, 109.60, 1555437, 614
2791, 0, 494, 512, 203, 5, 34.23%, 0, 0, 5, 113.42, 1556019, 614
2796, 0, 506, 512, 202, 4, 34.23%, 0, 0, 5, 929.53, 1560737, 614
2801, 0, 506, 512, 202, 4, 34.23%, 0, 0, 5, 982.49, 1565898, 614
2806, 0, 506, 512, 202, 4, 34.23%, 0, 0, 5, 986.03, 1570895, 614
2811, 0, 506, 512, 202, 4, 34.23%, 0, 0, 5, 994.82, 1575892, 614
2816, 0, 491, 512, 202, 4, 34.23%, 0, 0, 5, 125.00, 1580680, 614
2821, 0, 491, 512, 202, 4, 34.23%, 0, 0, 5, 125.60, 1581249, 614
2827, 0, 491, 512, 202, 4, 34.23%, 0, 0, 5, 121.11, 1581869, 614
2832, 0, 491, 512, 202, 4, 34.23%, 0, 0, 5, 124.01, 1582501, 614
2837, 0, 491, 512, 202, 4, 34.23%, 0, 0, 5, 126.20, 1583149, 614
2842, 0, 491, 512, 202, 4, 34.23%, 0, 0, 5, 125.23, 1583795, 614
2848, 0, 491, 512, 202, 4, 34.23%, 0, 0, 5, 3.93, 1584421, 614
2853, 0, 491, 512, 202, 4, 34.23%, 0, 0, 5, 110.61, 1585017, 614
2858, 0, 491, 512, 202, 4, 34.23%, 0, 0, 5, 121.06, 1585643, 614
2863, 0, 491, 512, 202, 4, 34.23%, 0, 0, 5, 121.04, 1586277, 614
2869, 0, 491, 512, 202, 4, 34.23%, 0, 0, 5, 109.47, 1586837, 614
2874, 0, 491, 512, 202, 4, 34.23%, 0, 0, 5, 118.34, 1587459, 614
2879, 0, 491, 512, 202, 4, 34.23%, 0, 0, 5, 119.41, 1588073, 614
2884, 0, 491, 512, 202, 4, 34.23%, 0, 0, 5, 122.64, 1588691, 614
2889, 0, 491, 512, 202, 4, 34.23%, 0, 0, 5, 123.23, 1589311, 614
2894, 0, 491, 512, 202, 4, 34.23%, 0, 0, 5, 123.36, 1589945, 614
2899, 0, 491, 512, 202, 4, 34.23%, 0, 0, 5, 121.90, 1590563, 614
2904, 0, 491, 512, 202, 4, 34.23%, 0, 0, 5, 120.91, 1591187, 614
2910, 0, 491, 512, 202, 4, 34.23%, 0, 0, 5, 107.01, 1591709, 614
2915, 0, 491, 512, 202, 4, 34.23%, 0, 0, 5, 116.39, 1592313, 614
2920, 0, 491, 512, 202, 4, 34.23%, 0, 0, 5, 114.19, 1592833, 614
2925, 0, 491, 512, 202, 4, 34.23%, 0, 0, 5, 115.99, 1593401, 614
2930, 0, 491, 512, 202, 4, 34.23%, 0, 0, 5, 121.05, 1594027, 614
2935, 0, 491, 512, 202, 4, 34.23%, 0, 0, 5, 111.68, 1594575, 614
2940, 0, 491, 512, 202, 4, 34.23%, 0, 0, 5, 112.32, 1595139, 614
2945, 0, 491, 512, 202, 4, 34.23%, 0, 0, 5, 112.17, 1595693, 614
2951, 0, 491, 512, 202, 4, 34.23%, 0, 0, 5, 25.86, 1595950, 614
2956, 0, 491, 512, 202, 4, 34.23%, 0, 0, 5, 33.57, 1596076, 614
2961, 0, 491, 512, 202, 4, 34.23%, 0, 0, 5, 10.01, 1596146, 614
2966, 0, 491, 512, 202, 4, 34.23%, 0, 0, 5, 59.87, 1596274, 614
2971, 0, 491, 512, 202, 4, 34.23%, 0, 0, 5, 111.65, 1596776, 614
2976, 0, 491, 512, 202, 4, 34.23%, 0, 0, 5, 115.71, 1597371, 614
2981, 0, 491, 512, 202, 4, 34.23%, 0, 0, 5, 4.31, 1597490, 614
2986, 0, 491, 512, 202, 4, 34.23%, 0, 0, 5, 25.32, 1597589, 614
2991, 0, 491, 512, 202, 4, 34.23%, 0, 0, 5, 86.32, 1598022, 614
2996, 0, 491, 512, 202, 4, 34.23%, 0, 0, 5, 109.44, 1598607, 614
3002, 0, 491, 512, 202, 4, 34.23%, 0, 0, 5, 116.53, 1599223, 614
3007, 0, 491, 512, 202, 4, 34.23%, 0, 0, 5, 124.06, 1599869, 614
3012, 0, 491, 512, 202, 4, 34.23%, 0, 0, 5, 110.62, 1600391, 614
3017, 0, 491, 512, 202, 4, 34.23%, 0, 0, 5, 32.36, 1600875, 614
3022, 0, 491, 512, 202, 4, 34.23%, 0, 0, 5, 61.37, 1601141, 614
3027, 0, 491, 512, 202, 4, 34.23%, 0, 0, 5, 106.41, 1601729, 614
3032, 0, 491, 512, 202, 4, 34.23%, 0, 0, 5, 117.87, 1602329, 614
3038, 0, 491, 512, 202, 4, 34.23%, 0, 0, 5, 123.31, 1602967, 614
3043, 0, 491, 512, 202, 4, 34.23%, 0, 0, 5, 43.29, 1603322, 614
3048, 0, 491, 512, 202, 4, 34.23%, 0, 0, 5, 97.04, 1603846, 614
3053, 0, 491, 512, 202, 4, 34.23%, 0, 0, 5, 118.01, 1604489, 614
3058, 0, 491, 512, 202, 4, 34.23%, 0, 0, 5, 120.83, 1605001, 614
3063, 0, 491, 512, 202, 4, 34.23%, 0, 0, 5, 121.25, 1605597, 614
3068, 0, 491, 512, 202, 4, 34.23%, 0, 0, 5, 118.26, 1606227, 614
3074, 0, 491, 512, 202, 4, 34.23%, 0, 0, 5, 126.51, 1606787, 614
3079, 0, 491, 512, 202, 4, 34.23%, 0, 0, 5, 12.71, 1607049, 614
3084, 0, 491, 512, 202, 4, 34.23%, 0, 0, 5, 14.26, 1607104, 614
3089, 0, 491, 512, 202, 4, 34.23%, 0, 0, 5, 94.53, 1607562, 614
3094, 0, 491, 512, 202, 4, 34.23%, 0, 0, 5, 116.62, 1608141, 614
3099, 0, 491, 512, 202, 4, 34.23%, 0, 0, 5, 109.45, 1608389, 614
3104, 0, 491, 512, 202, 4, 34.23%, 0, 0, 5, 126.00, 1608927, 614
3109, 0, 491, 512, 202, 4, 34.23%, 0, 0, 5, 123.92, 1609527, 614
3114, 0, 491, 512, 202, 4, 34.23%, 0, 0, 5, 124.74, 1610143, 614
3120, 0, 491, 512, 202, 4, 34.23%, 0, 0, 5, 128.08, 1610733, 614
3125, 0, 491, 512, 202, 4, 34.23%, 0, 0, 5, 37.17, 1610964, 614
3131, 0, 491, 512, 202, 4, 34.23%, 0, 0, 5, 2.66, 1611016, 614
3136, 0, 491, 512, 202, 4, 34.23%, 0, 0, 5, 73.73, 1611362, 614
3141, 0, 491, 512, 202, 4, 34.23%, 0, 0, 5, 101.21, 1611909, 614
3146, 0, 491, 512, 202, 4, 34.23%, 0, 0, 5, 88.02, 1612087, 614
3151, 0, 491, 512, 202, 4, 34.23%, 0, 0, 5, 110.56, 1612671, 614
3156, 0, 491, 512, 202, 4, 34.23%, 0, 0, 5, 116.30, 1613285, 614
3161, 0, 374, 512, 201, 3, 34.23%, 0, 0, 5, 971.55, 1616887, 614
3166, 0, 487, 514, 203, 3, 34.23%, 0, 0, 5, 940.94, 1621716, 614
3172, 0, 487, 514, 203, 3, 34.23%, 0, 0, 5, 12.89, 1622151, 614
3177, 0, 487, 514, 203, 3, 34.23%, 0, 0, 5, 370.96, 1622501, 614
3182, 0, 487, 514, 203, 3, 34.23%, 0, 0, 5, 375.90, 1624391, 614
3187, 0, 487, 514, 203, 3, 34.23%, 0, 0, 5, 45.06, 1626057, 614
3193, 0, 487, 514, 203, 3, 34.23%, 0, 0, 5, 4.00, 1626255, 614
3198, 0, 487, 514, 203, 3, 34.23%, 0, 0, 5, 303.16, 1627925, 614
3203, 0, 487, 514, 203, 3, 34.23%, 0, 0, 5, 366.61, 1629907, 614
3208, 0, 487, 514, 203, 3, 34.23%, 0, 0, 5, 384.45, 1631608, 614
3213, 0, 487, 515, 204, 3, 34.45%, 0, 0, 5, 391.04, 1633597, 618
3218, 0, 487, 515, 204, 3, 34.45%, 0, 0, 5, 378.11, 1634989, 618
3223, 0, 487, 515, 204, 3, 34.45%, 0, 0, 5, 28.89, 1636635, 618
3228, 0, 487, 515, 204, 3, 34.45%, 0, 0, 5, 380.96, 1638280, 618
3234, 0, 487, 515, 204, 3, 34.45%, 0, 0, 5, 387.93, 1640317, 618
3239, 0, 487, 515, 204, 3, 34.45%, 0, 0, 5, 379.50, 1642249, 618
3244, 0, 487, 515, 204, 3, 34.45%, 0, 0, 5, 380.71, 1644223, 618
3249, 0, 487, 515, 204, 3, 34.45%, 0, 0, 5, 380.98, 1646218, 618
3255, 0, 487, 515, 204, 3, 34.45%, 0, 0, 5, 1.41, 1646363, 618
3261, 0, 487, 515, 204, 3, 34.45%, 0, 0, 5, 316.92, 1647777, 618
3266, 0, 487, 515, 204, 3, 34.45%, 0, 0, 5, 371.94, 1649697, 618
3271, 0, 487, 515, 204, 3, 34.45%, 0, 0, 5, 356.69, 1651279, 618
3276, 0, 487, 515, 204, 3, 34.45%, 0, 0, 5, 387.68, 1653260, 618
3281, 0, 390, 515, 203, 3, 34.45%, 0, 0, 5, 751.08, 1656873, 618
3286, 0, 390, 515, 203, 3, 34.45%, 0, 0, 5, 1032.07, 1662591, 618
3291, 0, 391, 515, 203, 3, 34.45%, 0, 0, 5, 1083.40, 1668061, 618
3296, 0, 391, 515, 203, 3, 34.45%, 0, 0, 5, 1084.99, 1673565, 618
3301, 0, 506, 515, 203, 3, 34.45%, 0, 0, 5, 1090.78, 1679069, 618
3307, 0, 506, 515, 203, 3, 34.45%, 0, 0, 5, 1057.33, 1684592, 618
3312, 0, 390, 515, 203, 3, 34.45%, 0, 0, 5, 1028.94, 1689779, 618
3317, 0, 390, 515, 203, 3, 34.45%, 0, 0, 5, 1041.00, 1695059, 618
3322, 0, 390, 515, 203, 3, 34.45%, 0, 0, 5, 1006.93, 1700031, 618
3327, 0, 505, 515, 203, 3, 34.45%, 0, 0, 5, 1004.03, 1705163, 618
3332, 0, 505, 515, 203, 3, 34.45%, 0, 0, 5, 974.57, 1709911, 618
3337, 0, 514, 517, 205, 3, 34.45%, 0, 0, 5, 220.53, 1712728, 618
3342, 0, 514, 517, 205, 3, 34.45%, 0, 0, 5, 376.36, 1714526, 618
3347, 0, 514, 517, 205, 3, 34.45%, 0, 0, 5, 382.79, 1716423, 618
3352, 0, 514, 517, 205, 3, 34.45%, 0, 0, 5, 368.45, 1718250, 618
3357, 0, 514, 517, 205, 3, 34.45%, 0, 0, 5, 387.27, 1720056, 618
3363, 0, 514, 517, 205, 3, 34.45%, 0, 0, 5, 369.49, 1721533, 618
3368, 0, 514, 517, 205, 3, 34.45%, 0, 0, 5, 26.55, 1722050, 618
3374, 0, 514, 517, 205, 3, 34.45%, 0, 0, 5, 7.07, 1722088, 618
3379, 0, 514, 517, 205, 3, 34.45%, 0, 0, 5, 390.00, 1722299, 618
3384, 0, 514, 517, 205, 3, 34.45%, 0, 0, 5, 371.21, 1724172, 618
3389, 0, 514, 517, 205, 3, 34.45%, 0, 0, 5, 375.92, 1726020, 618
3394, 0, 514, 517, 205, 3, 34.45%, 0, 0, 5, 373.61, 1727861, 618
3399, 0, 514, 517, 205, 3, 34.45%, 0, 0, 5, 76.80, 1729667, 618
3404, 0, 514, 517, 205, 3, 34.45%, 0, 0, 5, 26.16, 1731020, 618
3409, 0, 514, 517, 205, 3, 34.45%, 0, 0, 5, 2.02, 1731141, 618
3414, 0, 514, 517, 205, 3, 34.45%, 0, 0, 5, 403.56, 1731956, 618
3420, 0, 514, 517, 205, 3, 34.45%, 0, 0, 5, 368.05, 1733566, 618
3425, 0, 514, 517, 205, 3, 34.45%, 0, 0, 5, 383.11, 1735519, 618
3430, 0, 514, 517, 205, 3, 34.45%, 0, 0, 5, 366.98, 1737339, 618
3435, 0, 514, 517, 205, 3, 34.45%, 0, 0, 5, 382.58, 1739187, 618
3440, 0, 514, 517, 205, 3, 34.45%, 0, 0, 5, 334.80, 1740856, 618
3445, 0, 514, 517, 205, 3, 34.45%, 0, 0, 5, 50.35, 1742236, 618
3451, 0, 514, 517, 205, 3, 34.45%, 0, 0, 5, 7.62, 1743218, 618
3456, 0, 514, 517, 205, 3, 34.45%, 0, 0, 5, 310.91, 1743868, 618
3461, 0, 369, 517, 204, 2, 34.45%, 0, 0, 5, 778.15, 1747875, 618
3466, 0, 477, 517, 204, 2, 34.45%, 0, 0, 5, 956.90, 1752926, 618
3471, 0, 477, 517, 204, 2, 34.45%, 0, 0, 5, 937.34, 1757564, 618
3476, 0, 28, 517, 204, 2, 34.45%, 0, 0, 5, 891.05, 1761407, 618
3481, 0, 28, 517, 204, 2, 34.45%, 0, 0, 5, 778.97, 1765276, 618
3486, 0, 28, 517, 204, 2, 34.45%, 0, 0, 5, 801.68, 1769281, 618
3492, 0, 28, 517, 204, 2, 34.45%, 0, 0, 5, 833.01, 1773416, 618
3497, 0, 28, 517, 204, 2, 34.45%, 0, 0, 5, 115.70, 1776166, 618
3503, 0, 28, 517, 204, 2, 34.45%, 0, 0, 5, 260.32, 1777366, 618
3508, 0, 28, 517, 204, 2, 34.45%, 0, 0, 5, 6.24, 1777418, 618
3513, 0, 28, 517, 204, 2, 34.45%, 0, 0, 5, 11.24, 1777476, 618
3518, 0, 28, 517, 204, 2, 34.45%, 0, 0, 5, 18.69, 1777609, 618
3524, 0, 28, 517, 204, 2, 34.45%, 0, 0, 5, 759.55, 1781821, 618
3529, 0, 390, 517, 203, 2, 34.45%, 0, 0, 5, 857.60, 1786168, 618
3534, 0, 390, 517, 203, 2, 34.45%, 0, 0, 5, 1007.03, 1791412, 618
3539, 0, 390, 517, 203, 2, 34.45%, 0, 0, 5, 1045.27, 1796692, 618
3544, 0, 390, 517, 203, 2, 34.45%, 0, 0, 5, 1058.22, 1802056, 618
3549, 0, 390, 517, 203, 2, 34.45%, 0, 0, 5, 1054.31, 1807390, 618
3554, 0, 401, 517, 203, 2, 34.45%, 0, 0, 5, 973.08, 1812413, 618
3559, 0, 401, 517, 203, 2, 34.45%, 0, 0, 5, 967.70, 1817163, 618
3564, 0, 401, 517, 203, 2, 34.45%, 0, 0, 5, 877.48, 1821603, 618
3569, 0, 401, 517, 203, 2, 34.45%, 0, 0, 5, 949.93, 1826481, 618
3574, 0, 401, 517, 203, 2, 34.45%, 0, 0, 5, 892.47, 1831136, 618
3579, 0, 390, 517, 202, 2, 34.45%, 0, 0, 5, 847.23, 1835441, 618
3585, 0, 390, 517, 202, 2, 34.45%, 0, 0, 5, 847.63, 1839393, 618
3590, 0, 390, 517, 202, 2, 34.45%, 0, 0, 5, 899.34, 1843479, 618
3595, 0, 390, 517, 202, 2, 34.45%, 0, 0, 5, 908.59, 1847961, 618
3600, 0, 390, 517, 202, 2, 34.45%, 0, 0, 5, 1004.56, 1853125, 618
3605, 0, 390, 517, 202, 2, 34.45%, 0, 0, 5, 1008.02, 1858185, 618
3610, 0, 382, 517, 202, 2, 34.45%, 0, 0, 5, 1005.84, 1863301, 618
3615, 0, 382, 517, 202, 2, 34.45%, 0, 0, 5, 854.70, 1867674, 618
3620, 0, 382, 517, 202, 2, 34.45%, 0, 0, 5, 968.37, 1872680, 618
3625, 0, 382, 517, 202, 2, 34.45%, 0, 0, 5, 1011.86, 1877881, 618
3630, 0, 382, 517, 202, 2, 34.45%, 0, 0, 5, 1023.01, 1883101, 618
3635, 0, 394, 517, 202, 2, 34.45%, 0, 0, 5, 991.43, 1888136, 618
3640, 0, 394, 517, 202, 2, 34.45%, 0, 0, 5, 995.42, 1893304, 618
3646, 0, 394, 517, 202, 2, 34.45%, 0, 0, 5, 971.66, 1898263, 618
3651, 0, 394, 517, 202, 2, 34.45%, 0, 0, 5, 976.10, 1903108, 618
3656, 0, 394, 517, 202, 2, 34.45%, 0, 0, 5, 978.23, 1908086, 618
3661, 0, 469, 517, 202, 2, 34.45%, 0, 0, 5, 969.88, 1912997, 618
3666, 0, 469, 517, 202, 2, 34.45%, 0, 0, 5, 958.99, 1917842, 618
3671, 0, 469, 517, 202, 2, 34.45%, 0, 0, 5, 955.52, 1922592, 618
3676, 0, 469, 517, 202, 2, 34.45%, 0, 0, 5, 965.49, 1927418, 618
3681, 0, 469, 517, 202, 2, 34.45%, 0, 0, 5, 978.45, 1932358, 618
3686, 0, 390, 517, 202, 2, 34.45%, 0, 0, 5, 1001.14, 1937549, 618
3691, 0, 390, 517, 202, 2, 34.45%, 0, 0, 5, 998.16, 1942741, 618
3696, 0, 390, 517, 202, 2, 34.45%, 0, 0, 5, 993.04, 1947738, 618
3701, 0, 390, 517, 202, 2, 34.45%, 0, 0, 5, 998.44, 1952754, 618
3706, 0, 391, 517, 202, 2, 34.45%, 0, 0, 5, 1025.39, 1957985, 618
3711, 0, 391, 517, 202, 2, 34.45%, 0, 0, 5, 1005.53, 1963105, 618
3716, 0, 391, 517, 202, 2, 34.45%, 0, 0, 5, 959.84, 1967887, 618
3721, 0, 391, 517, 202, 2, 34.45%, 0, 0, 5, 934.35, 1972390, 618
3727, 0, 391, 517, 202, 2, 34.45%, 0, 0, 5, 936.35, 1977088, 618
3732, 0, 391, 517, 202, 2, 34.45%, 0, 0, 5, 955.14, 1981929, 618
3737, 0, 390, 517, 202, 2, 34.45%, 0, 0, 5, 988.45, 1986935, 618
3742, 0, 390, 517, 202, 2, 34.45%, 0, 0, 5, 996.44, 1991913, 618
3747, 0, 390, 517, 202, 2, 34.45%, 0, 0, 5, 989.79, 1996910, 618
3752, 0, 390, 517, 202, 2, 34.45%, 0, 0, 5, 1093.52, 2002339, 618
3757, 0, 390, 517, 202, 2, 34.45%, 0, 0, 5, 972.12, 2007217, 618
3762, 0, 390, 517, 202, 2, 34.45%, 0, 0, 5, 220.08, 2008684, 618
3767, 0, 390, 517, 202, 2, 34.45%, 0, 0, 5, 992.43, 2013582, 618
3772, 0, 390, 517, 202, 2, 34.45%, 0, 0, 5, 968.07, 2018522, 618
3777, 0, 390, 517, 202, 2, 34.45%, 0, 0, 5, 950.41, 2023329, 618
3782, 0, 390, 517, 202, 2, 34.45%, 0, 0, 5, 910.14, 2027878, 618
3787, 0, 374, 517, 202, 2, 34.45%, 0, 0, 5, 932.89, 2032636, 618
3792, 0, 374, 517, 202, 2, 34.45%, 0, 0, 5, 921.74, 2037262, 618
3797, 0, 374, 517, 202, 2, 34.45%, 0, 0, 5, 944.61, 2042014, 618
3802, 0, 374, 517, 202, 2, 34.45%, 0, 0, 5, 991.80, 2047183, 618
3808, 0, 374, 517, 202, 2, 34.45%, 0, 0, 5, 1011.14, 2052314, 618
3813, 0, 207, 517, 202, 2, 34.45%, 0, 0, 5, 104.46, 2056073, 618
3818, 0, 207, 517, 202, 2, 34.45%, 0, 0, 5, 108.94, 2056621, 618
3823, 0, 207, 517, 202, 2, 34.45%, 0, 0, 5, 112.36, 2057187, 618
3828, 0, 207, 517, 202, 2, 34.45%, 0, 0, 5, 29.94, 2057710, 618
3833, 0, 207, 517, 202, 2, 34.45%, 0, 0, 5, 70.34, 2058070, 618
3838, 0, 207, 517, 202, 2, 34.45%, 0, 0, 5, 100.29, 2058615, 618
3844, 0, 207, 517, 202, 2, 34.45%, 0, 0, 5, 14.40, 2059078, 618
3849, 0, 207, 517, 202, 2, 34.45%, 0, 0, 5, 6.14, 2059185, 618
3854, 0, 207, 517, 202, 2, 34.45%, 0, 0, 5, 55.98, 2059334, 618
3860, 0, 207, 517, 202, 2, 34.45%, 0, 0, 5, 1.71, 2059796, 618
3865, 0, 207, 517, 202, 2, 34.45%, 0, 0, 5, 34.38, 2059910, 618
3870, 0, 207, 517, 202, 2, 34.45%, 0, 0, 5, 16.26, 2060333, 618
3875, 0, 207, 517, 202, 2, 34.45%, 0, 0, 5, 111.92, 2060901, 618
3880, 0, 207, 517, 202, 2, 34.45%, 0, 0, 5, 109.84, 2061453, 618
3885, 0, 207, 517, 202, 2, 34.45%, 0, 0, 5, 28.99, 2061514, 618
3891, 0, 207, 517, 202, 2, 34.45%, 0, 0, 5, 92.52, 2062039, 618
3896, 0, 207, 517, 202, 2, 34.45%, 0, 0, 5, 102.64, 2062609, 618
3901, 0, 207, 517, 202, 2, 34.45%, 0, 0, 5, 99.80, 2063103, 618
3907, 0, 207, 517, 202, 2, 34.45%, 0, 0, 5, 9.49, 2063643, 618
3913, 0, 207, 517, 202, 2, 34.45%, 0, 0, 5, 0.32, 2063661, 618
3944, 0, 207, 517, 202, 2, 34.45%, 0, 0, 5, 0.03, 2063672, 618
3949, 0, 207, 517, 202, 2, 34.45%, 0, 0, 5, 109.20, 2064243, 618
3954, 0, 207, 517, 202, 2, 34.45%, 0, 0, 5, 106.24, 2064775, 618
3959, 0, 207, 517, 202, 2, 34.45%, 0, 0, 5, 107.96, 2065333, 618
3964, 0, 207, 517, 202, 2, 34.45%, 0, 0, 5, 102.70, 2065841, 618
3970, 0, 207, 517, 202, 2, 34.45%, 0, 0, 5, 101.66, 2066331, 618
3975, 0, 207, 517, 202, 2, 34.45%, 0, 0, 5, 106.22, 2066867, 618
3980, 0, 207, 517, 202, 2, 34.45%, 0, 0, 5, 108.95, 2067435, 618
3985, 0, 207, 517, 202, 2, 34.45%, 0, 0, 5, 106.56, 2067877, 618
3990, 0, 207, 517, 202, 2, 34.45%, 0, 0, 5, 100.07, 2068388, 618
3995, 0, 207, 517, 202, 2, 34.45%, 0, 0, 5, 16.13, 2068526, 618
4000, 0, 207, 517, 202, 2, 34.45%, 0, 0, 5, 112.44, 2068967, 618
4006, 0, 207, 517, 202, 2, 34.45%, 0, 0, 5, 4.36, 2069253, 618
4011, 0, 207, 517, 202, 2, 34.45%, 0, 0, 5, 52.88, 2069382, 618
4016, 0, 207, 517, 202, 2, 34.45%, 0, 0, 5, 85.99, 2069871, 618
4021, 0, 207, 517, 202, 2, 34.45%, 0, 0, 5, 101.33, 2070325, 618
4027, 0, 207, 517, 202, 2, 34.45%, 0, 0, 5, 105.93, 2070863, 618
4032, 0, 207, 517, 202, 2, 34.45%, 0, 0, 5, 108.40, 2071369, 618
4037, 0, 207, 517, 202, 2, 34.45%, 0, 0, 5, 17.04, 2071459, 618
4042, 0, 207, 517, 202, 2, 34.45%, 0, 0, 5, 70.99, 2071811, 618
4047, 0, 207, 517, 202, 2, 34.45%, 0, 0, 5, 105.70, 2072327, 618
4052, 0, 207, 517, 202, 2, 34.45%, 0, 0, 5, 111.06, 2072883, 618
4057, 0, 207, 517, 202, 2, 34.45%, 0, 0, 5, 10.98, 2073273, 618
4063, 0, 207, 517, 202, 2, 34.45%, 0, 0, 5, 14.39, 2073336, 618
4068, 0, 207, 517, 202, 2, 34.45%, 0, 0, 5, 72.47, 2073703, 618
4073, 0, 207, 517, 202, 2, 34.45%, 0, 0, 5, 94.75, 2074210, 618
4078, 0, 207, 517, 202, 2, 34.45%, 0, 0, 5, 105.64, 2074765, 618
4083, 0, 207, 517, 202, 2, 34.45%, 0, 0, 5, 106.39, 2075241, 618
4088, 0, 207, 517, 202, 2, 34.45%, 0, 0, 5, 62.43, 2075609, 618
4094, 0, 207, 517, 202, 2, 34.45%, 0, 0, 5, 10.29, 2075651, 618
4099, 0, 207, 517, 202, 2, 34.45%, 0, 0, 5, 99.87, 2076117, 618
4104, 0, 207, 517, 202, 2, 34.45%, 0, 0, 5, 102.61, 2076653, 618
4109, 0, 207, 517, 202, 2, 34.45%, 0, 0, 5, 101.61, 2077105, 618
4115, 0, 207, 517, 202, 2, 34.45%, 0, 0, 5, 9.39, 2077376, 618
4120, 0, 207, 517, 202, 2, 34.45%, 0, 0, 5, 8.81, 2077408, 618
4125, 0, 207, 517, 202, 2, 34.45%, 0, 0, 5, 10.71, 2077553, 618
4131, 0, 207, 517, 202, 2, 34.45%, 0, 0, 5, 97.72, 2078084, 618
4136, 0, 207, 517, 202, 2, 34.45%, 0, 0, 5, 61.59, 2078371, 618
4141, 0, 207, 517, 202, 2, 34.45%, 0, 0, 5, 97.31, 2078889, 618
4146, 0, 207, 517, 202, 2, 34.45%, 0, 0, 5, 103.63, 2079417, 618
4151, 0, 207, 517, 202, 2, 34.45%, 0, 0, 5, 105.46, 2079947, 618
4156, 0, 207, 517, 202, 2, 34.45%, 0, 0, 5, 106.15, 2080485, 618
4161, 0, 207, 517, 202, 2, 34.45%, 0, 0, 5, 107.65, 2081029, 618
4166, 0, 207, 517, 202, 2, 34.45%, 0, 0, 5, 18.53, 2081526, 618
4171, 0, 207, 517, 202, 2, 34.45%, 0, 0, 5, 87.15, 2082040, 618
4176, 0, 207, 517, 202, 2, 34.45%, 0, 0, 5, 101.90, 2082585, 618
4181, 0, 207, 517, 202, 2, 34.45%, 0, 0, 5, 106.58, 2083147, 618
4187, 0, 207, 517, 202, 2, 34.45%, 0, 0, 5, 101.28, 2083649, 618
4192, 0, 207, 517, 202, 2, 34.45%, 0, 0, 5, 106.59, 2084209, 618
4197, 0, 207, 517, 202, 2, 34.45%, 0, 0, 5, 109.74, 2084781, 618
4202, 0, 207, 517, 202, 2, 34.45%, 0, 0, 5, 112.36, 2085365, 618
4207, 0, 207, 517, 202, 2, 34.45%, 0, 0, 5, 112.20, 2085935, 618
4212, 0, 207, 517, 202, 2, 34.45%, 0, 0, 5, 112.67, 2086489, 618
4218, 0, 207, 517, 202, 2, 34.45%, 0, 0, 5, 104.71, 2087017, 618
4223, 0, 207, 517, 202, 2, 34.45%, 0, 0, 5, 106.85, 2087573, 618
4239, 0, 207, 517, 202, 2, 34.45%, 0, 0, 5, 0.08, 2087610, 618
4245, 0, 207, 517, 202, 2, 34.45%, 0, 0, 5, 85.28, 2088061, 618
4250, 0, 207, 517, 202, 2, 34.45%, 0, 0, 5, 106.77, 2088633, 618
4255, 0, 390, 517, 201, 2, 34.45%, 0, 0, 5, 932.37, 2092737, 618
4260, 0, 391, 517, 201, 2, 34.45%, 0, 0, 5, 1011.09, 2098129, 618
4265, 0, 391, 517, 201, 2, 34.45%, 0, 0, 5, 1027.80, 2103409, 618
4270, 0, 390, 517, 201, 2, 34.45%, 0, 0, 5, 1033.88, 2108641, 618
4275, 0, 390, 517, 201, 2, 34.45%, 0, 0, 5, 1049.83, 2113920, 618
4280, 0, 390, 517, 201, 2, 34.45%, 0, 0, 5, 1058.69, 2119275, 618
4285, 0, 429, 517, 201, 2, 34.45%, 0, 0, 5, 997.54, 2124365, 618
4291, 0, 429, 517, 201, 2, 34.45%, 0, 0, 5, 956.22, 2129297, 618
4296, 0, 390, 517, 201, 2, 34.45%, 0, 0, 5, 1003.82, 2134357, 618
4301, 0, 383, 517, 201, 2, 34.45%, 0, 0, 5, 993.63, 2139430, 618
4306, 0, 383, 517, 201, 2, 34.45%, 0, 0, 5, 988.32, 2144275, 618
4311, 0, 405, 517, 201, 2, 34.45%, 0, 0, 5, 1004.98, 2148883, 618
4316, 0, 405, 517, 201, 2, 34.45%, 0, 0, 5, 993.76, 2153512, 618
4321, 0, 390, 517, 201, 2, 34.45%, 0, 0, 5, 987.44, 2158417, 618
4326, 0, 432, 517, 201, 2, 34.45%, 0, 0, 5, 1021.43, 2163625, 618
4331, 0, 432, 517, 201, 2, 34.45%, 0, 0, 5, 1019.75, 2168765, 618
4336, 0, 391, 517, 201, 2, 34.45%, 0, 0, 5, 1014.34, 2173717, 618
4341, 0, 385, 517, 201, 2, 34.45%, 0, 0, 5, 1039.84, 2178989, 618
4346, 0, 385, 517, 201, 2, 34.45%, 0, 0, 5, 1051.87, 2184265, 618
4351, 0, 400, 517, 201, 2, 34.45%, 0, 0, 5, 1045.06, 2189521, 618
4357, 0, 400, 517, 201, 2, 34.45%, 0, 0, 5, 1006.27, 2194501, 618
4362, 0, 506, 517, 201, 2, 34.45%, 0, 0, 5, 1018.03, 2199673, 618
4367, 0, 390, 517, 201, 2, 34.45%, 0, 0, 5, 1036.82, 2204865, 618
4372, 0, 390, 517, 201, 2, 34.45%, 0, 0, 5, 1059.03, 2210395, 618
4377, 0, 415, 517, 201, 2, 34.45%, 0, 0, 5, 1045.31, 2215697, 618
4382, 0, 447, 517, 201, 2, 34.45%, 0, 0, 5, 1043.60, 2220969, 618
4387, 0, 447, 517, 201, 2, 34.45%, 0, 0, 5, 955.03, 2225701, 618
4392, 0, 434, 517, 201, 2, 34.45%, 0, 0, 5, 933.21, 2230327, 618
4397, 0, 434, 517, 201, 2, 34.45%, 0, 0, 5, 952.37, 2235061, 618
4402, 0, 390, 517, 201, 2, 34.45%, 0, 0, 5, 998.18, 2240090, 618
4407, 0, 203, 517, 201, 2, 34.45%, 0, 0, 5, 890.00, 2244983, 618
4412, 0, 203, 517, 201, 2, 34.45%, 0, 0, 5, 913.52, 2249375, 618
4417, 0, 463, 517, 201, 2, 34.45%, 0, 0, 5, 975.82, 2254403, 618
4423, 0, 463, 517, 201, 2, 34.45%, 0, 0, 5, 956.29, 2258431, 618
4428, 0, 390, 517, 201, 2, 34.45%, 0, 0, 5, 968.04, 2263393, 618
4433, 0, 390, 517, 201, 2, 34.45%, 0, 0, 5, 995.25, 2268124, 618
4438, 0, 242, 517, 201, 2, 34.45%, 0, 0, 5, 1031.01, 2272543, 618
4443, 0, 397, 517, 200, 2, 34.45%, 0, 0, 5, 973.40, 2277596, 618
4448, 0, 397, 517, 200, 2, 34.45%, 0, 0, 5, 737.42, 2281001, 618
4453, 0, 397, 517, 200, 2, 34.45%, 0, 0, 5, 695.38, 2284437, 618
4458, 0, 390, 517, 200, 2, 34.45%, 0, 0, 5, 933.18, 2289297, 618
4464, 0, 477, 517, 200, 2, 34.45%, 0, 0, 5, 992.75, 2294588, 618
4469, 0, 477, 517, 200, 2, 34.45%, 0, 0, 5, 947.94, 2299433, 618
4474, 0, 390, 517, 200, 2, 34.45%, 0, 0, 5, 996.42, 2304585, 618
4479, 0, 390, 517, 200, 2, 34.45%, 0, 0, 5, 1018.44, 2309791, 618
4484, 0, 390, 517, 200, 2, 34.45%, 0, 0, 5, 1044.91, 2315043, 618
4489, 0, 506, 517, 200, 2, 34.45%, 0, 0, 5, 1018.22, 2320375, 618
4494, 0, 506, 517, 200, 2, 34.45%, 0, 0, 5, 1009.52, 2325555, 618
4500, 0, 460, 517, 200, 2, 34.45%, 0, 0, 5, 976.52, 2330396, 618
4505, 0, 9, 517, 200, 2, 34.45%, 0, 0, 5, 951.17, 2335269, 618
4510, 0, 9, 517, 200, 2, 34.45%, 0, 0, 5, 900.65, 2339860, 618
4515, 0, 9, 517, 200, 2, 34.45%, 0, 0, 5, 868.71, 2344277, 618
4520, 0, 9, 517, 200, 2, 34.45%, 0, 0, 5, 883.93, 2348765, 618
4525, 0, 9, 517, 200, 2, 34.45%, 0, 0, 5, 883.09, 2353032, 618
4530, 0, 9, 517, 200, 2, 34.45%, 0, 0, 5, 14.34, 2355439, 618
4535, 0, 9, 517, 200, 2, 34.45%, 0, 0, 5, 40.25, 2355562, 618
4541, 0, 9, 517, 200, 2, 34.45%, 0, 0, 5, 887.19, 2358829, 618
4546, 0, 400, 517, 199, 2, 34.45%, 0, 0, 5, 903.42, 2363644, 618
4551, 0, 400, 517, 199, 2, 34.45%, 0, 0, 5, 1022.25, 2368300, 618
4556, 0, 400, 517, 199, 2, 34.45%, 0, 0, 5, 1015.07, 2373420, 618
4561, 0, 400, 517, 199, 2, 34.45%, 0, 0, 5, 1032.71, 2378660, 618
4566, 0, 400, 517, 199, 2, 34.45%, 0, 0, 5, 1001.09, 2383481, 618
4571, 0, 390, 517, 199, 2, 34.45%, 0, 0, 5, 1028.62, 2388736, 618
4576, 0, 390, 517, 199, 2, 34.45%, 0, 0, 5, 955.41, 2393579, 618
4581, 0, 390, 517, 199, 2, 34.45%, 0, 0, 5, 1003.65, 2398796, 618
4586, 0, 390, 517, 199, 2, 34.45%, 0, 0, 5, 1007.10, 2403936, 618
4592, 0, 400, 517, 199, 2, 34.45%, 0, 0, 5, 1021.31, 2409172, 618
4597, 0, 400, 517, 199, 2, 34.45%, 0, 0, 5, 1018.26, 2414312, 618
4602, 0, 400, 517, 199, 2, 34.45%, 0, 0, 5, 1012.65, 2419452, 618
4607, 0, 400, 517, 199, 2, 34.45%, 0, 0, 5, 1014.17, 2424672, 618
4612, 0, 400, 517, 199, 2, 34.45%, 0, 0, 5, 1031.03, 2429932, 618
4617, 0, 390, 517, 199, 2, 34.45%, 0, 0, 5, 1046.54, 2435208, 618
4622, 0, 390, 517, 199, 2, 34.45%, 0, 0, 5, 1050.02, 2440510, 618
4627, 0, 390, 517, 199, 2, 34.45%, 0, 0, 5, 1050.30, 2445949, 618
4632, 0, 390, 517, 199, 2, 34.45%, 0, 0, 5, 1048.37, 2451228, 618
4637, 0, 390, 517, 199, 2, 34.45%, 0, 0, 5, 1035.92, 2456468, 618
4642, 0, 472, 517, 199, 2, 34.45%, 0, 0, 5, 997.14, 2461524, 618
4647, 0, 472, 517, 199, 2, 34.45%, 0, 0, 5, 1000.16, 2466528, 618
4652, 0, 472, 517, 199, 2, 34.45%, 0, 0, 5, 1005.36, 2471544, 618
4657, 0, 472, 517, 199, 2, 34.45%, 0, 0, 5, 936.34, 2476330, 618
4662, 0, 472, 517, 199, 2, 34.45%, 0, 0, 5, 1002.66, 2481424, 618
4668, 0, 35, 519, 201, 2, 34.45%, 0, 0, 5, 845.50, 2485622, 618
4673, 0, 35, 519, 201, 2, 34.45%, 0, 0, 5, 810.53, 2489622, 618
4678, 0, 35, 519, 201, 2, 34.45%, 0, 0, 5, 832.25, 2493846, 618
4683, 0, 35, 519, 201, 2, 34.45%, 0, 0, 5, 810.51, 2497926, 618
4688, 0, 35, 520, 202, 2, 34.45%, 0, 0, 5, 821.60, 2502078, 618
4693, 0, 35, 520, 202, 2, 34.45%, 0, 0, 5, 836.22, 2506446, 618
4698, 0, 406, 520, 201, 3, 34.45%, 0, 0, 5, 838.22, 2510444, 618
4703, 0, 406, 520, 201, 3, 34.45%, 0, 0, 5, 944.19, 2515274, 618
4708, 0, 406, 520, 201, 3, 34.45%, 0, 0, 5, 968.40, 2520236, 618
4713, 0, 406, 520, 201, 3, 34.45%, 0, 0, 5, 984.69, 2525252, 618
4719, 0, 406, 520, 201, 3, 34.45%, 0, 0, 5, 964.34, 2530135, 618
4724, 0, 519, 522, 203, 3, 34.45%, 0, 0, 5, 757.54, 2533507, 618
4729, 0, 519, 522, 203, 3, 34.45%, 0, 0, 5, 743.62, 2537376, 618
4734, 0, 519, 522, 203, 3, 34.45%, 0, 0, 5, 729.96, 2541072, 618
4739, 0, 519, 522, 203, 3, 34.45%, 0, 0, 5, 743.14, 2544796, 618
4744, 0, 519, 522, 203, 3, 34.45%, 0, 0, 5, 776.14, 2548657, 618
4749, 0, 519, 522, 203, 3, 34.45%, 0, 0, 5, 772.24, 2552347, 618
4754, 0, 390, 523, 203, 3, 34.45%, 0, 0, 5, 777.92, 2556126, 618
4759, 0, 390, 523, 203, 3, 34.45%, 0, 0, 5, 943.56, 2561238, 618
4764, 0, 390, 523, 203, 3, 34.45%, 0, 0, 5, 967.96, 2566192, 618
4770, 0, 390, 523, 203, 3, 34.45%, 0, 0, 5, 931.38, 2570508, 618
4775, 0, 390, 523, 203, 3, 34.45%, 0, 0, 5, 996.02, 2575711, 618
4780, 0, 481, 523, 203, 3, 34.45%, 0, 0, 5, 949.14, 2580641, 618
4785, 0, 481, 523, 203, 3, 34.45%, 0, 0, 5, 942.44, 2585346, 618
4790, 0, 481, 523, 203, 3, 34.45%, 0, 0, 5, 963.04, 2590179, 618
4795, 0, 481, 523, 203, 3, 34.45%, 0, 0, 5, 1015.04, 2595452, 618
4800, 0, 481, 523, 203, 3, 34.45%, 0, 0, 5, 1006.23, 2600372, 618
4805, 0, 459, 523, 203, 3, 34.45%, 0, 0, 5, 1010.05, 2605508, 618
4810, 0, 459, 523, 203, 3, 34.45%, 0, 0, 5, 1015.55, 2610728, 618
4816, 0, 459, 523, 203, 3, 34.45%, 0, 0, 5, 926.27, 2615173, 618
4821, 0, 459, 523, 203, 3, 34.45%, 0, 0, 5, 1021.02, 2620188, 618
4826, 0, 459, 523, 203, 3, 34.45%, 0, 0, 5, 991.50, 2625015, 618
4831, 0, 520, 523, 203, 3, 34.45%, 0, 0, 5, 953.18, 2630069, 618
4836, 0, 520, 524, 204, 3, 34.45%, 0, 0, 5, 825.73, 2634066, 618
4841, 0, 520, 524, 204, 3, 34.45%, 0, 0, 5, 773.89, 2638002, 618
4846, 0, 520, 524, 204, 3, 34.45%, 0, 0, 5, 804.18, 2641858, 618
4851, 0, 520, 524, 204, 3, 34.45%, 0, 0, 5, 786.75, 2645787, 618
4856, 0, 520, 524, 204, 3, 34.45%, 0, 0, 5, 792.37, 2649732, 618
4861, 0, 520, 524, 204, 3, 34.45%, 0, 0, 5, 803.60, 2653826, 618
4866, 0, 416, 524, 203, 3, 34.45%, 0, 0, 5, 962.38, 2658795, 618
4871, 0, 416, 524, 203, 3, 34.45%, 0, 0, 5, 969.06, 2663773, 618
4877, 0, 416, 524, 203, 3, 34.45%, 0, 0, 5, 980.50, 2668789, 618
4882, 0, 416, 524, 203, 3, 34.45%, 0, 0, 5, 959.87, 2673330, 618
4887, 0, 416, 524, 203, 3, 34.45%, 0, 0, 5, 987.97, 2678270, 618
4892, 0, 41, 524, 203, 3, 34.45%, 0, 0, 5, 1001.64, 2683471, 618
4897, 0, 41, 524, 203, 3, 34.45%, 0, 0, 5, 1020.42, 2688711, 618
4902, 0, 41, 524, 203, 3, 34.45%, 0, 0, 5, 973.91, 2693404, 618
4907, 0, 41, 524, 203, 3, 34.45%, 0, 0, 5, 1006.10, 2698671, 618
4912, 0, 384, 524, 202, 3, 34.45%, 0, 0, 5, 998.63, 2703447, 618
4918, 0, 384, 524, 202, 3, 34.45%, 0, 0, 5, 1011.45, 2708507, 618
4923, 0, 384, 524, 202, 3, 34.45%, 0, 0, 5, 1027.44, 2713747, 618
4928, 0, 384, 524, 202, 3, 34.45%, 0, 0, 5, 978.39, 2718436, 618
4933, 0, 384, 524, 202, 3, 34.45%, 0, 0, 5, 970.12, 2723471, 618
4938, 0, 374, 524, 202, 3, 34.45%, 0, 0, 5, 988.05, 2728439, 618
4943, 0, 374, 524, 202, 3, 34.45%, 0, 0, 5, 975.18, 2733398, 618
4948, 0, 374, 524, 202, 3, 34.45%, 0, 0, 5, 973.91, 2738338, 618
4953, 0, 374, 524, 202, 3, 34.45%, 0, 0, 5, 989.58, 2743354, 618
4958, 0, 374, 524, 202, 3, 34.45%, 0, 0, 5, 996.38, 2748370, 618
4963, 0, 469, 524, 202, 3, 34.45%, 0, 0, 5, 993.65, 2753357, 618
4968, 0, 469, 524, 202, 3, 34.45%, 0, 0, 5, 980.90, 2758487, 618
4973, 0, 469, 524, 202, 3, 34.45%, 0, 0, 5, 958.44, 2763180, 618
4979, 0, 469, 524, 202, 3, 34.45%, 0, 0, 5, 930.20, 2767787, 618
4984, 0, 469, 524, 202, 3, 34.45%, 0, 0, 5, 936.41, 2772539, 618
4989, 0, 469, 524, 202, 3, 34.45%, 0, 0, 5, 941.16, 2777111, 618
4994, 0, 455, 524, 202, 3, 34.45%, 0, 0, 5, 859.57, 2781283, 618
4999, 0, 455, 524, 202, 3, 34.45%, 0, 0, 5, 840.26, 2785551, 618
5004, 0, 455, 524, 202, 3, 34.45%, 0, 0, 5, 846.88, 2789839, 618
5009, 0, 455, 524, 202, 3, 34.45%, 0, 0, 5, 848.62, 2794063, 618
5014, 0, 455, 524, 202, 3, 34.45%, 0, 0, 5, 811.07, 2798063, 618
5019, 0, 523, 524, 202, 3, 34.45%, 0, 0, 5, 791.06, 2801946, 618
5024, 0, 523, 525, 203, 3, 34.45%, 0, 0, 5, 787.55, 2806019, 618
5029, 0, 523, 525, 203, 3, 34.45%, 0, 0, 5, 781.60, 2809889, 618
5034, 0, 523, 525, 203, 3, 34.45%, 0, 0, 5, 768.91, 2813759, 618
5040, 0, 523, 525, 203, 3, 34.45%, 0, 0, 5, 881.67, 2818287, 618
5045, 0, 523, 525, 203, 3, 34.45%, 0, 0, 5, 829.62, 2822561, 618
5050, 0, 466, 525, 202, 3, 34.45%, 0, 0, 5, 775.52, 2826365, 618
5055, 0, 466, 525, 202, 3, 34.45%, 0, 0, 5, 955.09, 2831435, 618
5060, 0, 466, 525, 202, 3, 34.45%, 0, 0, 5, 950.49, 2836394, 618
5065, 0, 466, 525, 202, 3, 34.45%, 0, 0, 5, 1086.00, 2841698, 618
5070, 0, 466, 525, 202, 3, 34.45%, 0, 0, 5, 1072.04, 2847368, 618
5075, 0, 404, 525, 202, 3, 34.45%, 0, 0, 5, 1023.47, 2852601, 618
5080, 0, 404, 525, 202, 3, 34.45%, 0, 0, 5, 1008.47, 2857581, 618
5085, 0, 404, 525, 202, 3, 34.45%, 0, 0, 5, 1033.44, 2862701, 618
5090, 0, 404, 525, 202, 3, 34.45%, 0, 0, 5, 1086.75, 2868479, 618
5095, 0, 404, 525, 202, 3, 34.45%, 0, 0, 5, 1024.00, 2873501, 618
5100, 0, 434, 525, 202, 3, 34.45%, 0, 0, 5, 1007.56, 2878557, 618
5106, 0, 434, 525, 202, 3, 34.45%, 0, 0, 5, 1014.98, 2883717, 618
5111, 0, 434, 525, 202, 3, 34.45%, 0, 0, 5, 1019.55, 2888937, 618
5116, 0, 434, 525, 202, 3, 34.45%, 0, 0, 5, 1020.10, 2894197, 618
5121, 0, 434, 525, 202, 3, 34.45%, 0, 0, 5, 1023.30, 2899397, 618
5126, 0, 524, 525, 202, 3, 34.45%, 0, 0, 5, 859.24, 2903562, 618
5131, 0, 524, 525, 202, 3, 34.45%, 0, 0, 5, 807.11, 2907691, 618
5136, 0, 524, 525, 202, 3, 34.45%, 0, 0, 5, 777.92, 2911623, 618
5141, 0, 524, 525, 202, 3, 34.45%, 0, 0, 5, 728.69, 2915121, 618
5146, 0, 524, 525, 202, 3, 34.45%, 0, 0, 5, 763.48, 2919093, 618
5152, 0, 524, 525, 202, 3, 34.45%, 0, 0, 5, 790.34, 2923233, 618
5157, 0, 505, 525, 201, 2, 34.45%, 0, 0, 5, 917.75, 2927823, 618
5162, 0, 505, 525, 201, 2, 34.45%, 0, 0, 5, 969.76, 2932751, 618
5167, 0, 505, 525, 201, 2, 34.45%, 0, 0, 5, 977.87, 2937710, 618
5172, 0, 505, 525, 201, 2, 34.45%, 0, 0, 5, 988.22, 2942707, 618
5177, 0, 505, 525, 201, 2, 34.45%, 0, 0, 5, 985.88, 2947704, 618
5182, 0, 390, 525, 201, 2, 34.45%, 0, 0, 5, 1018.26, 2952815, 618
5187, 0, 390, 525, 201, 2, 34.45%, 0, 0, 5, 1040.35, 2958255, 618
5192, 0, 390, 525, 201, 2, 34.45%, 0, 0, 5, 1040.57, 2963535, 618
5197, 0, 390, 525, 201, 2, 34.45%, 0, 0, 5, 1029.31, 2968795, 618
5202, 0, 514, 525, 201, 2, 34.45%, 0, 0, 5, 989.49, 2973771, 618
5207, 0, 514, 525, 201, 2, 34.45%, 0, 0, 5, 508.29, 2975711, 618
5213, 0, 514, 525, 201, 2, 34.45%, 0, 0, 5, 356.92, 2977222, 618
5218, 0, 514, 525, 201, 2, 34.45%, 0, 0, 5, 377.22, 2979189, 618
5223, 0, 514, 525, 201, 2, 34.45%, 0, 0, 5, 383.66, 2981177, 618
5228, 0, 514, 525, 201, 2, 34.45%, 0, 0, 5, 377.46, 2983095, 618
5233, 0, 514, 525, 201, 2, 34.45%, 0, 0, 5, 365.14, 2984775, 618
5238, 0, 514, 525, 201, 2, 34.45%, 0, 0, 5, 353.19, 2986490, 618
5243, 0, 514, 525, 201, 2, 34.45%, 0, 0, 5, 378.60, 2988338, 618
5248, 0, 514, 525, 201, 2, 34.45%, 0, 0, 5, 2.62, 2988448, 618
5254, 0, 514, 525, 201, 2, 34.45%, 0, 0, 5, 13.31, 2988517, 618
5259, 0, 514, 525, 201, 2, 34.45%, 0, 0, 5, 322.42, 2989635, 618
5264, 0, 514, 525, 201, 2, 34.45%, 0, 0, 5, 6.48, 2990500, 618
5269, 0, 514, 525, 201, 2, 34.45%, 0, 0, 5, 276.91, 2991351, 618
5274, 0, 514, 525, 201, 2, 34.45%, 0, 0, 5, 359.32, 2993315, 618
5280, 0, 514, 525, 201, 2, 34.45%, 0, 0, 5, 373.23, 2995240, 618
5285, 0, 514, 525, 201, 2, 34.45%, 0, 0, 5, 377.01, 2997172, 618
5290, 0, 514, 525, 201, 2, 34.45%, 0, 0, 5, 378.75, 2999111, 618
5295, 0, 514, 525, 201, 2, 34.45%, 0, 0, 5, 390.62, 3001106, 618
5300, 0, 514, 525, 201, 2, 34.45%, 0, 0, 5, 395.63, 3003185, 618
5305, 0, 514, 525, 201, 2, 34.45%, 0, 0, 5, 386.47, 3004977, 618
5310, 0, 472, 525, 201, 2, 34.45%, 0, 0, 5, 460.82, 3007123, 618
5315, 0, 472, 525, 201, 2, 34.45%, 0, 0, 5, 886.30, 3012268, 618
5321, 0, 391, 525, 201, 2, 34.45%, 0, 0, 5, 970.46, 3017391, 618
5326, 0, 391, 525, 201, 2, 34.45%, 0, 0, 5, 963.24, 3022179, 618
5331, 0, 489, 525, 201, 2, 34.45%, 0, 0, 5, 142.47, 3023533, 618
5336, 0, 489, 525, 201, 2, 34.45%, 0, 0, 5, 149.93, 3024313, 618
5341, 0, 489, 525, 201, 2, 34.45%, 0, 0, 5, 145.31, 3025051, 618
5346, 0, 489, 525, 201, 2, 34.45%, 0, 0, 5, 148.80, 3025811, 618
5351, 0, 489, 525, 201, 2, 34.45%, 0, 0, 5, 18.64, 3026480, 618
5356, 0, 489, 525, 201, 2, 34.45%, 0, 0, 5, 148.79, 3027217, 618
5361, 0, 489, 525, 201, 2, 34.45%, 0, 0, 5, 153.22, 3027996, 618
5367, 0, 489, 525, 201, 2, 34.45%, 0, 0, 5, 147.32, 3028733, 618
5372, 0, 489, 525, 201, 2, 34.45%, 0, 0, 5, 7.77, 3028820, 618
5377, 0, 489, 525, 201, 2, 34.45%, 0, 0, 5, 8.47, 3028855, 618
5382, 0, 489, 525, 201, 2, 34.45%, 0, 0, 5, 46.67, 3028959, 618
5388, 0, 489, 525, 201, 2, 34.45%, 0, 0, 5, 9.67, 3029118, 618
5393, 0, 489, 525, 201, 2, 34.45%, 0, 0, 5, 147.78, 3029789, 618
5398, 0, 489, 525, 201, 2, 34.45%, 0, 0, 5, 12.39, 3029883, 618
5400, 0, 489, 525, 201, 2, 34.45%, 0, 0, 5, 1.10, 3029891, 618
