# relative_time, cycles_done, cur_path, paths_total, pending_total, pending_favs, map_size, unique_crashes, unique_hangs, max_depth, execs_per_sec, total_execs, edges_found
61, 0, 387, 451, 220, 50, 30.99%, 0, 0, 4, 114.36, 54195, 556
67, 0, 8, 451, 219, 49, 30.99%, 0, 0, 4, 114.65, 58837, 556
72, 0, 8, 452, 220, 49, 31.05%, 0, 0, 4, 787.73, 62867, 557
77, 0, 432, 452, 219, 49, 31.05%, 0, 0, 4, 620.15, 65764, 557
83, 0, 393, 452, 218, 48, 31.05%, 0, 0, 4, 686.60, 69162, 557
88, 0, 422, 452, 217, 47, 31.05%, 0, 0, 4, 863.01, 73891, 557
93, 0, 448, 452, 216, 46, 31.05%, 0, 0, 4, 898.64, 78392, 557
98, 0, 451, 452, 215, 45, 31.05%, 0, 0, 4, 881.94, 82892, 557
103, 0, 428, 452, 214, 44, 31.05%, 0, 0, 4, 806.59, 87048, 557
108, 0, 428, 452, 214, 44, 31.05%, 0, 0, 4, 694.68, 90407, 557
113, 0, 431, 452, 213, 43, 31.05%, 0, 0, 4, 944.71, 93139, 557
118, 0, 431, 452, 213, 43, 31.05%, 0, 0, 4, 187.87, 94805, 557
123, 0, 439, 456, 216, 42, 31.33%, 0, 0, 4, 839.50, 98536, 562
128, 0, 447, 456, 215, 44, 31.33%, 0, 0, 4, 709.78, 102090, 562
133, 0, 402, 456, 214, 43, 31.33%, 0, 0, 4, 650.85, 105311, 562
139, 0, 402, 456, 214, 43, 31.33%, 0, 0, 4, 770.94, 109470, 562
144, 0, 423, 456, 213, 42, 31.33%, 0, 0, 4, 780.77, 113494, 562
149, 0, 443, 456, 212, 41, 31.33%, 0, 0, 4, 724.84, 117176, 562
154, 0, 443, 457, 213, 41, 31.38%, 0, 0, 4, 729.24, 120936, 563
159, 0, 443, 457, 213, 41, 31.38%, 0, 0, 4, 10.53, 123470, 563
164, 0, 443, 457, 213, 41, 31.38%, 0, 0, 4, 19.60, 123577, 563
169, 0, 443, 457, 213, 41, 31.38%, 0, 0, 4, 727.55, 125430, 563
174, 0, 443, 457, 213, 41, 31.38%, 0, 0, 4, 782.87, 129575, 563
180, 0, 443, 457, 213, 41, 31.38%, 0, 0, 4, 801.74, 133738, 563
185, 0, 443, 457, 213, 41, 31.38%, 0, 0, 4, 103.43, 137210, 563
190, 0, 443, 457, 213, 41, 31.38%, 0, 0, 4, 770.78, 138680, 563
195, 0, 443, 457, 213, 41, 31.38%, 0, 0, 4, 770.59, 142430, 563
200, 0, 443, 457, 213, 41, 31.38%, 0, 0, 4, 161.56, 145564, 563
206, 0, 443, 457, 213, 41, 31.38%, 0, 0, 4, 5.83, 146041, 563
211, 0, 443, 457, 213, 41, 31.38%, 0, 0, 4, 100.00, 146174, 563
216, 0, 446, 459, 214, 41, 31.49%, 0, 0, 4, 787.66, 150208, 565
221, 0, 446, 459, 214, 41, 31.49%, 0, 0, 4, 65.00, 151083, 565
226, 0, 446, 459, 214, 41, 31.49%, 0, 0, 4, 807.06, 154244, 565
231, 0, 458, 459, 213, 41, 31.49%, 0, 0, 4, 792.75, 158176, 565
236, 0, 458, 459, 213, 41, 31.49%, 0, 0, 4, 811.69, 162292, 565
242, 0, 445, 460, 213, 40, 31.55%, 0, 0, 4, 63.12, 166288, 566
247, 0, 445, 460, 213, 40, 31.55%, 0, 0, 4, 934.82, 170981, 566
253, 0, 413, 461, 213, 40, 31.61%, 0, 0, 4, 907.11, 175512, 567
258, 0, 413, 461, 213, 40, 31.61%, 0, 0, 4, 913.96, 179706, 567
263, 0, 450, 461, 212, 40, 31.61%, 0, 0, 4, 925.74, 184198, 567
270, 0, 450, 461, 212, 40, 31.61%, 0, 0, 4, 17.65, 187453, 567
302, 0, 450, 461, 212, 40, 31.61%, 0, 0, 4, 4.80, 188184, 567
307, 0, 404, 461, 211, 39, 31.61%, 0, 0, 4, 745.71, 192033, 567
312, 0, 404, 461, 211, 39, 31.61%, 0, 0, 4, 738.60, 195841, 567
317, 0, 441, 461, 210, 38, 31.61%, 0, 0, 4, 663.33, 199066, 567
322, 0, 441, 461, 210, 38, 31.61%, 0, 0, 4, 632.11, 202221, 567
327, 0, 441, 461, 210, 38, 31.61%, 0, 0, 4, 716.70, 205465, 567
332, 0, 441, 461, 210, 38, 31.61%, 0, 0, 4, 724.72, 209091, 567
338, 0, 441, 461, 210, 38, 31.61%, 0, 0, 4, 112.90, 212647, 567
343, 0, 441, 461, 210, 38, 31.61%, 0, 0, 4, 727.14, 215811, 567
348, 0, 441, 461, 210, 38, 31.61%, 0, 0, 4, 658.97, 219021, 567
353, 0, 441, 461, 210, 38, 31.61%, 0, 0, 4, 27.89, 219164, 567
358, 0, 441, 461, 210, 38, 31.61%, 0, 0, 4, 747.98, 221873, 567
363, 0, 441, 461, 210, 38, 31.61%, 0, 0, 4, 8.35, 223303, 567
368, 0, 441, 461, 210, 38, 31.61%, 0, 0, 4, 128.43, 223491, 567
373, 0, 441, 461, 210, 38, 31.61%, 0, 0, 4, 465.06, 226317, 567
378, 0, 441, 461, 210, 38, 31.61%, 0, 0, 4, 588.23, 228956, 567
383, 0, 460, 461, 209, 38, 31.61%, 0, 0, 4, 831.30, 232810, 567
389, 0, 460, 462, 210, 38, 31.66%, 0, 0, 4, 815.39, 236850, 568
394, 0, 416, 462, 209, 38, 31.66%, 0, 0, 4, 934.65, 240417, 568
399, 0, 416, 462, 209, 38, 31.66%, 0, 0, 4, 881.34, 244629, 568
404, 0, 382, 462, 208, 37, 31.66%, 0, 0, 4, 772.09, 248440, 568
409, 0, 382, 462, 208, 37, 31.66%, 0, 0, 4, 854.86, 252084, 568
414, 0, 444, 462, 207, 36, 31.66%, 0, 0, 4, 846.97, 256291, 568
419, 0, 444, 462, 207, 36, 31.66%, 0, 0, 4, 158.07, 258220, 568
424, 0, 444, 462, 207, 36, 31.66%, 0, 0, 4, 797.67, 260998, 568
429, 0, 406, 462, 206, 35, 31.66%, 0, 0, 4, 913.33, 264974, 568
434, 0, 406, 462, 206, 35, 31.66%, 0, 0, 4, 873.43, 269498, 568
439, 0, 420, 462, 205, 34, 31.66%, 0, 0, 4, 804.17, 273033, 568
444, 0, 420, 462, 205, 34, 31.66%, 0, 0, 4, 883.57, 276709, 568
450, 0, 452, 462, 204, 33, 31.66%, 0, 0, 4, 944.49, 281461, 568
455, 0, 452, 463, 205, 33, 31.66%, 0, 0, 4, 858.40, 285718, 568
460, 0, 417, 464, 205, 33, 31.72%, 0, 0, 4, 850.99, 290010, 569
465, 0, 417, 464, 205, 33, 31.72%, 0, 0, 4, 897.47, 293804, 569
470, 0, 396, 464, 204, 32, 31.72%, 0, 0, 4, 886.33, 298074, 569
475, 0, 396, 464, 204, 32, 31.72%, 0, 0, 4, 995.55, 303208, 569
480, 0, 408, 464, 203, 31, 31.72%, 0, 0, 4, 649.31, 304571, 569
486, 0, 408, 464, 203, 31, 31.72%, 0, 0, 4, 873.52, 309441, 569
491, 0, 411, 464, 202, 30, 31.72%, 0, 0, 4, 835.77, 313414, 569
496, 0, 411, 464, 202, 30, 31.72%, 0, 0, 4, 762.55, 317251, 569
501, 0, 459, 464, 201, 29, 31.72%, 0, 0, 4, 816.46, 321526, 569
506, 0, 459, 465, 202, 29, 31.77%, 0, 0, 5, 863.72, 325972, 570
511, 0, 405, 465, 201, 29, 31.77%, 0, 0, 5, 885.40, 330284, 570
516, 0, 405, 466, 202, 29, 31.94%, 0, 0, 5, 936.08, 335011, 573
521, 0, 169, 466, 201, 29, 31.94%, 0, 0, 5, 864.43, 339362, 573
526, 0, 169, 466, 201, 29, 31.94%, 0, 0, 5, 667.59, 342419, 573
531, 0, 169, 466, 201, 29, 31.94%, 0, 0, 5, 822.14, 346848, 573
537, 0, 169, 466, 201, 29, 31.94%, 0, 0, 5, 850.05, 350928, 573
542, 0, 169, 466, 201, 29, 31.94%, 0, 0, 5, 895.20, 355597, 573
547, 0, 169, 466, 201, 29, 31.94%, 0, 0, 5, 844.04, 359648, 573
552, 0, 440, 466, 200, 28, 31.94%, 0, 0, 5, 772.12, 363349, 573
557, 0, 440, 466, 200, 28, 31.94%, 0, 0, 5, 760.39, 367129, 573
562, 0, 440, 466, 200, 28, 31.94%, 0, 0, 5, 767.57, 370999, 573
567, 0, 440, 466, 200, 28, 31.94%, 0, 0, 5, 732.78, 374632, 573
572, 0, 440, 466, 200, 28, 31.94%, 0, 0, 5, 778.70, 378259, 573
577, 0, 440, 466, 200, 28, 31.94%, 0, 0, 5, 752.15, 381484, 573
583, 0, 440, 466, 200, 28, 31.94%, 0, 0, 5, 35.43, 383854, 573
597, 0, 440, 466, 200, 28, 31.94%, 0, 0, 5, 0.45, 383863, 573
602, 0, 440, 466, 200, 28, 31.94%, 0, 0, 5, 704.84, 387078, 573
607, 0, 440, 466, 200, 28, 31.94%, 0, 0, 5, 762.16, 391009, 573
612, 0, 395, 466, 199, 27, 31.94%, 0, 0, 5, 821.54, 395239, 573
617, 0, 395, 466, 199, 27, 31.94%, 0, 0, 5, 912.35, 400071, 573
622, 0, 463, 466, 198, 26, 31.94%, 0, 0, 5, 903.44, 404630, 573
627, 0, 463, 466, 198, 26, 31.94%, 0, 0, 5, 877.82, 408986, 573
632, 0, 420, 468, 199, 25, 32.00%, 0, 0, 5, 836.14, 412766, 574
638, 0, 420, 468, 199, 25, 32.00%, 0, 0, 5, 856.57, 417092, 574
643, 0, 467, 468, 199, 26, 32.00%, 0, 0, 5, 839.29, 421322, 574
648, 0, 467, 468, 199, 26, 32.00%, 0, 0, 5, 812.00, 425434, 574
653, 0, 373, 468, 198, 25, 32.00%, 0, 0, 5, 841.75, 429581, 574
658, 0, 373, 468, 198, 25, 32.00%, 0, 0, 5, 883.35, 434101, 574
663, 0, 371, 468, 197, 25, 32.00%, 0, 0, 5, 898.64, 438451, 574
668, 0, 371, 468, 197, 25, 32.00%, 0, 0, 5, 856.98, 442786, 574
673, 0, 419, 468, 197, 25, 32.00%, 0, 0, 5, 903.24, 446725, 574
678, 0, 419, 468, 197, 25, 32.00%, 0, 0, 5, 814.72, 450551, 574
683, 0, 435, 468, 196, 24, 32.00%, 0, 0, 5, 853.49, 454735, 574
689, 0, 435, 468, 196, 24, 32.00%, 0, 0, 5, 936.74, 459389, 574
694, 0, 400, 468, 195, 23, 32.00%, 0, 0, 5, 906.16, 463308, 574
699, 0, 400, 468, 195, 23, 32.00%, 0, 0, 5, 891.32, 467750, 574
704, 0, 373, 468, 194, 22, 32.00%, 0, 0, 5, 932.55, 472472, 574
709, 0, 465, 469, 195, 22, 32.78%, 0, 0, 5, 924.73, 477344, 588
714, 0, 465, 469, 195, 22, 32.78%, 0, 0, 5, 874.81, 481717, 588
719, 0, 398, 469, 194, 22, 32.78%, 0, 0, 5, 910.01, 486339, 588
724, 0, 398, 469, 194, 22, 32.78%, 0, 0, 5, 919.71, 490983, 588
729, 0, 468, 469, 193, 21, 32.78%, 0, 0, 5, 914.26, 495704, 588
735, 0, 468, 469, 193, 21, 32.78%, 0, 0, 5, 949.30, 500636, 588
740, 0, 437, 469, 192, 20, 32.78%, 0, 0, 5, 947.06, 505419, 588
745, 0, 456, 469, 191, 19, 32.78%, 0, 0, 5, 891.33, 509960, 588
750, 0, 456, 469, 191, 19, 32.78%, 0, 0, 5, 785.05, 513863, 588
755, 0, 456, 469, 191, 19, 32.78%, 0, 0, 5, 730.93, 517171, 588
760, 0, 456, 469, 191, 19, 32.78%, 0, 0, 5, 768.24, 520943, 588
765, 0, 456, 469, 191, 19, 32.78%, 0, 0, 5, 716.36, 524731, 588
771, 0, 456, 469, 191, 19, 32.78%, 0, 0, 5, 28.31, 526397, 588
776, 0, 456, 469, 191, 19, 32.78%, 0, 0, 5, 5.14, 526476, 588
781, 0, 456, 469, 191, 19, 32.78%, 0, 0, 5, 800.00, 528805, 588
786, 0, 456, 469, 191, 19, 32.78%, 0, 0, 5, 23.01, 531423, 588
791, 0, 456, 469, 191, 19, 32.78%, 0, 0, 5, 84.14, 531689, 588
797, 0, 456, 469, 191, 19, 32.78%, 0, 0, 5, 19.39, 531754, 588
802, 0, 456, 469, 191, 19, 32.78%, 0, 0, 5, 645.58, 533189, 588
807, 0, 456, 469, 191, 19, 32.78%, 0, 0, 5, 764.26, 537338, 588
812, 0, 456, 469, 191, 19, 32.78%, 0, 0, 5, 801.19, 541477, 588
817, 0, 468, 469, 190, 18, 32.78%, 0, 0, 5, 935.09, 546451, 588
822, 0, 442, 469, 190, 18, 32.78%, 0, 0, 5, 909.43, 551093, 588
830, 0, 442, 469, 190, 18, 32.78%, 0, 0, 5, 5.73, 553583, 588
835, 0, 442, 469, 190, 18, 32.78%, 0, 0, 5, 545.96, 555983, 588
840, 0, 442, 469, 190, 18, 32.78%, 0, 0, 5, 749.25, 560001, 588
845, 0, 442, 469, 190, 18, 32.78%, 0, 0, 5, 795.72, 564143, 588
851, 0, 442, 469, 190, 18, 32.78%, 0, 0, 5, 787.21, 568058, 588
856, 0, 442, 469, 190, 18, 32.78%, 0, 0, 5, 766.55, 571358, 588
861, 0, 442, 469, 190, 18, 32.78%, 0, 0, 5, 748.79, 574967, 588
866, 0, 442, 469, 190, 18, 32.78%, 0, 0, 5, 778.28, 578933, 588
871, 0, 461, 469, 189, 17, 32.78%, 0, 0, 5, 806.61, 583107, 588
876, 0, 461, 470, 190, 17, 32.83%, 0, 0, 5, 918.20, 587966, 589
881, 0, 424, 470, 189, 17, 32.83%, 0, 0, 5, 908.83, 592589, 589
886, 0, 424, 470, 189, 17, 32.83%, 0, 0, 5, 960.39, 597098, 589
891, 0, 455, 470, 188, 16, 32.83%, 0, 0, 5, 955.72, 601330, 589
897, 0, 455, 470, 188, 16, 32.83%, 0, 0, 5, 914.97, 605940, 589
902, 0, 373, 470, 187, 15, 32.83%, 0, 0, 5, 964.99, 610985, 589
907, 0, 373, 470, 187, 15, 32.83%, 0, 0, 5, 865.35, 614920, 589
912, 0, 438, 470, 187, 15, 32.83%, 0, 0, 5, 897.25, 619331, 589
917, 0, 457, 470, 186, 14, 32.83%, 0, 0, 5, 922.67, 624203, 589
922, 0, 457, 470, 186, 14, 32.83%, 0, 0, 5, 803.99, 627821, 589
929, 0, 457, 470, 186, 14, 32.83%, 0, 0, 5, 51.34, 631437, 589
934, 0, 457, 470, 186, 14, 32.83%, 0, 0, 5, 807.20, 633709, 589
939, 0, 457, 470, 186, 14, 32.83%, 0, 0, 5, 806.24, 637821, 589
944, 0, 457, 470, 186, 14, 32.83%, 0, 0, 5, 802.87, 641869, 589
949, 0, 457, 470, 186, 14, 32.83%, 0, 0, 5, 799.59, 645901, 589
954, 0, 457, 470, 186, 14, 32.83%, 0, 0, 5, 798.55, 649913, 589
959, 0, 457, 470, 186, 14, 32.83%, 0, 0, 5, 808.24, 654029, 589
964, 0, 414, 470, 185, 13, 32.83%, 0, 0, 5, 862.32, 658313, 589
970, 0, 414, 470, 185, 13, 32.83%, 0, 0, 5, 929.95, 663122, 589
975, 0, 430, 470, 184, 12, 32.83%, 0, 0, 5, 969.07, 668019, 589
980, 0, 430, 470, 184, 12, 32.83%, 0, 0, 5, 959.91, 672959, 589
985, 0, 469, 470, 183, 11, 32.83%, 0, 0, 5, 951.39, 677742, 589
990, 0, 386, 471, 183, 11, 32.89%, 0, 0, 6, 951.11, 682655, 590
995, 0, 386, 471, 183, 11, 32.89%, 0, 0, 6, 963.40, 687614, 590
1000, 0, 191, 471, 183, 11, 32.89%, 0, 0, 6, 929.98, 692385, 590
1005, 0, 191, 471, 183, 11, 32.89%, 0, 0, 6, 924.93, 697101, 590
1010, 0, 470, 471, 182, 10, 32.89%, 0, 0, 6, 947.83, 702010, 590
1015, 0, 373, 471, 181, 9, 32.89%, 0, 0, 6, 927.65, 706656, 590
1021, 0, 373, 471, 181, 9, 32.89%, 0, 0, 6, 981.75, 711804, 590
1026, 0, 464, 471, 181, 9, 32.89%, 0, 0, 6, 918.31, 716332, 590
1031, 0, 464, 472, 182, 9, 32.94%, 0, 0, 6, 947.15, 721056, 591
1036, 0, 373, 472, 181, 9, 32.94%, 0, 0, 6, 133.61, 725734, 591
1041, 0, 454, 472, 181, 9, 32.94%, 0, 0, 6, 992.37, 730689, 591
1046, 0, 454, 473, 182, 9, 32.94%, 0, 0, 6, 951.09, 735283, 591
1051, 0, 472, 474, 182, 10, 32.94%, 0, 0, 6, 934.60, 739965, 591
1056, 0, 472, 474, 182, 10, 32.94%, 0, 0, 6, 860.70, 743727, 591
1061, 0, 471, 474, 181, 9, 32.94%, 0, 0, 6, 939.44, 748507, 591
1067, 0, 471, 474, 181, 9, 32.94%, 0, 0, 6, 976.24, 753529, 591
1072, 0, 373, 474, 180, 8, 32.94%, 0, 0, 6, 1034.70, 758903, 591
1077, 0, 386, 474, 180, 8, 32.94%, 0, 0, 6, 1225.05, 765407, 591
1082, 0, 386, 474, 180, 8, 32.94%, 0, 0, 6, 1207.80, 771527, 591
1087, 0, 370, 474, 180, 8, 32.94%, 0, 0, 6, 1200.51, 777631, 591
1092, 0, 386, 474, 180, 8, 32.94%, 0, 0, 6, 1177.66, 783410, 591
1097, 0, 458, 474, 180, 8, 32.94%, 0, 0, 6, 1113.02, 789157, 591
1102, 0, 458, 474, 180, 8, 32.94%, 0, 0, 6, 1048.04, 794480, 591
1107, 0, 211, 474, 180, 8, 32.94%, 0, 0, 6, 138.42, 796525, 591
1112, 0, 211, 474, 180, 8, 32.94%, 0, 0, 6, 122.74, 797099, 591
1118, 0, 211, 474, 180, 8, 32.94%, 0, 0, 6, 126.99, 797739, 591
1123, 0, 211, 474, 180, 8, 32.94%, 0, 0, 6, 133.00, 798336, 591
1128, 0, 211, 475, 181, 8, 32.94%, 0, 0, 6, 13.25, 798661, 591
1133, 0, 211, 475, 181, 8, 32.94%, 0, 0, 6, 10.90, 798700, 591
1139, 0, 211, 475, 181, 8, 32.94%, 0, 0, 6, 39.53, 798897, 591
1144, 0, 211, 475, 181, 8, 32.94%, 0, 0, 6, 107.98, 799531, 591
1149, 0, 211, 475, 181, 8, 32.94%, 0, 0, 6, 121.02, 800161, 591
1154, 0, 211, 475, 181, 8, 32.94%, 0, 0, 6, 121.23, 800777, 591
1159, 0, 211, 475, 181, 8, 32.94%, 0, 0, 6, 125.03, 801423, 591
1164, 0, 211, 475, 181, 8, 32.94%, 0, 0, 6, 128.73, 802063, 591
1169, 0, 211, 475, 181, 8, 32.94%, 0, 0, 6, 8.85, 802631, 591
1174, 0, 211, 475, 181, 8, 32.94%, 0, 0, 6, 4.61, 803123, 591
1180, 0, 211, 475, 181, 8, 32.94%, 0, 0, 6, 7.69, 803268, 591
1185, 0, 211, 475, 181, 8, 32.94%, 0, 0, 6, 94.83, 803590, 591
1190, 0, 211, 475, 181, 8, 32.94%, 0, 0, 6, 130.00, 804225, 591
1195, 0, 211, 475, 181, 8, 32.94%, 0, 0, 6, 123.76, 804860, 591
1200, 0, 211, 475, 181, 8, 32.94%, 0, 0, 6, 124.08, 805477, 591
1205, 0, 211, 475, 181, 8, 32.94%, 0, 0, 6, 126.31, 806105, 591
1210, 0, 211, 475, 181, 8, 32.94%, 0, 0, 6, 128.46, 806523, 591
1216, 0, 211, 475, 181, 8, 32.94%, 0, 0, 6, 126.83, 807171, 591
1221, 0, 211, 475, 181, 8, 32.94%, 0, 0, 6, 124.11, 807801, 591
1226, 0, 211, 475, 181, 8, 32.94%, 0, 0, 6, 127.55, 808463, 591
1231, 0, 211, 475, 181, 8, 32.94%, 0, 0, 6, 123.11, 809023, 591
1236, 0, 211, 475, 181, 8, 32.94%, 0, 0, 6, 129.37, 809661, 591
1241, 0, 211, 475, 181, 8, 32.94%, 0, 0, 6, 1.87, 810057, 591
1246, 0, 211, 475, 181, 8, 32.94%, 0, 0, 6, 94.86, 810527, 591
1251, 0, 211, 475, 181, 8, 32.94%, 0, 0, 6, 123.23, 811203, 591
1256, 0, 211, 475, 181, 8, 32.94%, 0, 0, 6, 128.57, 811853, 591
1261, 0, 211, 475, 181, 8, 32.94%, 0, 0, 6, 128.68, 812457, 591
1267, 0, 211, 475, 181, 8, 32.94%, 0, 0, 6, 9.05, 813047, 591
1272, 0, 211, 475, 181, 8, 32.94%, 0, 0, 6, 121.99, 813607, 591
1277, 0, 211, 475, 181, 8, 32.94%, 0, 0, 6, 121.04, 814213, 591
1282, 0, 211, 475, 181, 8, 32.94%, 0, 0, 6, 115.00, 814764, 591
1287, 0, 211, 475, 181, 8, 32.94%, 0, 0, 6, 12.71, 814818, 591
1292, 0, 211, 475, 181, 8, 32.94%, 0, 0, 6, 34.54, 814957, 591
1297, 0, 211, 475, 181, 8, 32.94%, 0, 0, 6, 89.77, 815406, 591
1303, 0, 211, 475, 181, 8, 32.94%, 0, 0, 6, 116.54, 816059, 591
1308, 0, 211, 475, 181, 8, 32.94%, 0, 0, 6, 124.52, 816715, 591
1313, 0, 211, 475, 181, 8, 32.94%, 0, 0, 6, 122.19, 817347, 591
1318, 0, 211, 475, 181, 8, 32.94%, 0, 0, 6, 126.18, 817997, 591
1323, 0, 211, 475, 181, 8, 32.94%, 0, 0, 6, 53.70, 818224, 591
1328, 0, 211, 475, 181, 8, 32.94%, 0, 0, 6, 127.40, 818717, 591
1333, 0, 211, 475, 181, 8, 32.94%, 0, 0, 6, 127.45, 819295, 591
1339, 0, 211, 475, 181, 8, 32.94%, 0, 0, 6, 119.53, 819891, 591
1344, 0, 211, 475, 181, 8, 32.94%, 0, 0, 6, 125.67, 820539, 591
1349, 0, 445, 475, 180, 7, 32.94%, 0, 0, 6, 852.53, 823545, 591
1354, 0, 445, 475, 180, 7, 32.94%, 0, 0, 6, 940.30, 828535, 591
1359, 0, 445, 475, 180, 7, 32.94%, 0, 0, 6, 872.78, 832837, 591
1364, 0, 445, 475, 180, 7, 32.94%, 0, 0, 6, 949.71, 837823, 591
1369, 0, 445, 475, 180, 7, 32.94%, 0, 0, 6, 900.84, 842305, 591
1375, 0, 407, 475, 180, 7, 32.94%, 0, 0, 6, 904.97, 846901, 591
1380, 0, 407, 475, 180, 7, 32.94%, 0, 0, 6, 875.32, 851065, 591
1385, 0, 407, 475, 180, 7, 32.94%, 0, 0, 6, 928.49, 855793, 591
1390, 0, 407, 475, 180, 7, 32.94%, 0, 0, 6, 891.75, 860126, 591
1395, 0, 407, 475, 180, 7, 32.94%, 0, 0, 6, 960.04, 865132, 591
1400, 0, 371, 475, 180, 7, 32.94%, 0, 0, 6, 976.93, 870252, 591
1405, 0, 371, 475, 180, 7, 32.94%, 0, 0, 6, 952.20, 875040, 591
1410, 0, 371, 475, 180, 7, 32.94%, 0, 0, 6, 986.92, 880208, 591
1415, 0, 371, 475, 180, 7, 32.94%, 0, 0, 6, 999.42, 885205, 591
1420, 0, 371, 475, 180, 7, 32.94%, 0, 0, 6, 602.49, 889201, 591
1426, 0, 371, 475, 180, 7, 32.94%, 0, 0, 6, 898.17, 894239, 591
1431, 0, 371, 475, 180, 7, 32.94%, 0, 0, 6, 897.61, 898687, 591
1436, 0, 371, 475, 180, 7, 32.94%, 0, 0, 6, 928.01, 903379, 591
1441, 0, 371, 475, 180, 7, 32.94%, 0, 0, 6, 967.95, 908356, 591
1446, 0, 371, 475, 180, 7, 32.94%, 0, 0, 6, 987.53, 913353, 591
1451, 0, 371, 475, 180, 7, 32.94%, 0, 0, 6, 991.16, 918369, 591
1456, 0, 373, 475, 180, 7, 32.94%, 0, 0, 6, 1003.54, 923461, 591
1461, 0, 373, 475, 180, 7, 32.94%, 0, 0, 6, 1004.93, 928601, 591
1466, 0, 373, 475, 180, 7, 32.94%, 0, 0, 6, 999.93, 933768, 591
1471, 0, 373, 475, 180, 7, 32.94%, 0, 0, 6, 998.59, 938784, 591
1476, 0, 210, 475, 180, 7, 32.94%, 0, 0, 6, 956.09, 943686, 591
1481, 0, 210, 476, 181, 7, 32.94%, 0, 0, 6, 126.76, 944325, 591
1487, 0, 210, 476, 181, 7, 32.94%, 0, 0, 6, 116.45, 944927, 591
1492, 0, 210, 476, 181, 7, 32.94%, 0, 0, 6, 124.90, 945573, 591
1497, 0, 210, 476, 181, 7, 32.94%, 0, 0, 6, 118.43, 946165, 591
1502, 0, 210, 476, 181, 7, 32.94%, 0, 0, 6, 120.39, 946761, 591
1507, 0, 210, 476, 181, 7, 32.94%, 0, 0, 6, 122.19, 947399, 591
1512, 0, 210, 476, 181, 7, 32.94%, 0, 0, 6, 127.27, 948049, 591
1517, 0, 210, 476, 181, 7, 32.94%, 0, 0, 6, 127.43, 948697, 591
1523, 0, 210, 476, 181, 7, 32.94%, 0, 0, 6, 122.72, 949301, 591
1528, 0, 210, 476, 181, 7, 32.94%, 0, 0, 6, 126.75, 949951, 591
1533, 0, 210, 476, 181, 7, 32.94%, 0, 0, 6, 18.97, 950443, 591
1538, 0, 210, 476, 181, 7, 32.94%, 0, 0, 6, 126.98, 950757, 591
1543, 0, 210, 476, 181, 7, 32.94%, 0, 0, 6, 127.62, 951403, 591
1548, 0, 210, 476, 181, 7, 32.94%, 0, 0, 6, 127.45, 952031, 591
1553, 0, 210, 476, 181, 7, 32.94%, 0, 0, 6, 127.05, 952679, 591
1558, 0, 210, 476, 181, 7, 32.94%, 0, 0, 6, 124.58, 953319, 591
1563, 0, 210, 476, 181, 7, 32.94%, 0, 0, 6, 125.98, 953965, 591
1568, 0, 210, 476, 181, 7, 32.94%, 0, 0, 6, 128.07, 954545, 591
1574, 0, 210, 476, 181, 7, 32.94%, 0, 0, 6, 126.49, 955193, 591
1579, 0, 210, 476, 181, 7, 32.94%, 0, 0, 6, 126.12, 955837, 591
1584, 0, 210, 476, 181, 7, 32.94%, 0, 0, 6, 126.17, 956483, 591
1589, 0, 210, 476, 181, 7, 32.94%, 0, 0, 6, 122.92, 957099, 591
1594, 0, 210, 476, 181, 7, 32.94%, 0, 0, 6, 123.45, 957627, 591
1599, 0, 210, 476, 181, 7, 32.94%, 0, 0, 6, 121.16, 958209, 591
1604, 0, 210, 476, 181, 7, 32.94%, 0, 0, 6, 5.22, 958449, 591
1609, 0, 210, 476, 181, 7, 32.94%, 0, 0, 6, 1.58, 958465, 591
1615, 0, 210, 476, 181, 7, 32.94%, 0, 0, 6, 123.02, 958771, 591
1620, 0, 210, 476, 181, 7, 32.94%, 0, 0, 6, 15.18, 959275, 591
1625, 0, 210, 476, 181, 7, 32.94%, 0, 0, 6, 125.86, 959491, 591
1630, 0, 210, 476, 181, 7, 32.94%, 0, 0, 6, 127.43, 960139, 591
1635, 0, 210, 476, 181, 7, 32.94%, 0, 0, 6, 126.96, 960787, 591
1641, 0, 210, 476, 181, 7, 32.94%, 0, 0, 6, 126.89, 961429, 591
1646, 0, 210, 476, 181, 7, 32.94%, 0, 0, 6, 127.81, 962085, 591
1651, 0, 210, 476, 181, 7, 32.94%, 0, 0, 6, 126.78, 962733, 591
1656, 0, 210, 476, 181, 7, 32.94%, 0, 0, 6, 127.55, 963387, 591
1661, 0, 210, 476, 181, 7, 32.94%, 0, 0, 6, 127.70, 964047, 591
1666, 0, 210, 476, 181, 7, 32.94%, 0, 0, 6, 121.33, 964633, 591
1671, 0, 210, 476, 181, 7, 32.94%, 0, 0, 6, 125.37, 965283, 591
1676, 0, 210, 476, 181, 7, 32.94%, 0, 0, 6, 126.84, 965929, 591
1681, 0, 210, 476, 181, 7, 32.94%, 0, 0, 6, 126.51, 966577, 591
1687, 0, 210, 476, 181, 7, 32.94%, 0, 0, 6, 125.74, 967225, 591
1692, 0, 210, 476, 181, 7, 32.94%, 0, 0, 6, 126.60, 967873, 591
1697, 0, 210, 476, 181, 7, 32.94%, 0, 0, 6, 121.83, 968501, 591
1702, 0, 210, 476, 181, 7, 32.94%, 0, 0, 6, 120.73, 969135, 591
1707, 0, 210, 476, 181, 7, 32.94%, 0, 0, 6, 107.85, 969617, 591
1712, 0, 210, 476, 181, 7, 32.94%, 0, 0, 6, 118.37, 970187, 591
1717, 0, 210, 476, 181, 7, 32.94%, 0, 0, 6, 124.26, 970803, 591
1722, 0, 210, 476, 181, 7, 32.94%, 0, 0, 6, 114.54, 971335, 591
1728, 0, 210, 476, 181, 7, 32.94%, 0, 0, 6, 4.25, 971548, 591
1733, 0, 210, 476, 181, 7, 32.94%, 0, 0, 6, 3.68, 971588, 591
1738, 0, 210, 476, 181, 7, 32.94%, 0, 0, 6, 92.17, 971677, 591
1743, 0, 210, 476, 181, 7, 32.94%, 0, 0, 6, 5.22, 971814, 591
1748, 0, 210, 476, 181, 7, 32.94%, 0, 0, 6, 87.47, 972216, 591
1754, 0, 210, 476, 181, 7, 32.94%, 0, 0, 6, 16.79, 972465, 591
1760, 0, 210, 476, 181, 7, 32.94%, 0, 0, 6, 3.34, 972487, 591
1765, 0, 210, 476, 181, 7, 32.94%, 0, 0, 6, 78.31, 972865, 591
1770, 0, 210, 476, 181, 7, 32.94%, 0, 0, 6, 101.17, 973433, 591
1775, 0, 210, 476, 181, 7, 32.94%, 0, 0, 6, 113.79, 974023, 591
1780, 0, 210, 476, 181, 7, 32.94%, 0, 0, 6, 123.79, 974673, 591
1785, 0, 210, 476, 181, 7, 32.94%, 0, 0, 6, 123.71, 975315, 591
1791, 0, 210, 476, 181, 7, 32.94%, 0, 0, 6, 118.09, 975915, 591
1796, 0, 387, 476, 180, 7, 32.94%, 0, 0, 6, 774.52, 977343, 591
1801, 0, 387, 476, 180, 7, 32.94%, 0, 0, 6, 935.08, 982401, 591
1806, 0, 373, 476, 180, 7, 32.94%, 0, 0, 6, 1051.00, 987890, 591
1811, 0, 214, 476, 180, 7, 32.94%, 0, 0, 6, 1030.45, 993145, 591
1816, 0, 214, 476, 180, 7, 32.94%, 0, 0, 6, 979.59, 998033, 591
1821, 0, 214, 476, 180, 7, 32.94%, 0, 0, 6, 796.89, 1002075, 591
1826, 0, 214, 476, 180, 7, 32.94%, 0, 0, 6, 18.87, 1006359, 591
1831, 0, 214, 476, 180, 7, 32.94%, 0, 0, 6, 883.25, 1011191, 591
1837, 0, 214, 476, 180, 7, 32.94%, 0, 0, 6, 950.02, 1016157, 591
1842, 0, 386, 476, 179, 7, 32.94%, 0, 0, 6, 924.79, 1021005, 591
1847, 0, 386, 476, 179, 7, 32.94%, 0, 0, 6, 943.70, 1025865, 591
1852, 0, 386, 476, 179, 7, 32.94%, 0, 0, 6, 977.39, 1030798, 591
1857, 0, 386, 476, 179, 7, 32.94%, 0, 0, 6, 974.17, 1035776, 591
1862, 0, 386, 476, 179, 7, 32.94%, 0, 0, 6, 987.36, 1040773, 591
1867, 0, 386, 476, 179, 7, 32.94%, 0, 0, 6, 992.63, 1045741, 591
1872, 0, 386, 476, 179, 7, 32.94%, 0, 0, 6, 1007.20, 1050817, 591
1877, 0, 386, 476, 179, 7, 32.94%, 0, 0, 6, 991.88, 1055735, 591
1882, 0, 386, 476, 179, 7, 32.94%, 0, 0, 6, 954.06, 1060713, 591
1887, 0, 386, 476, 179, 7, 32.94%, 0, 0, 6, 957.94, 1065482, 591
1892, 0, 386, 476, 179, 7, 32.94%, 0, 0, 6, 959.07, 1070374, 591
1897, 0, 386, 476, 179, 7, 32.94%, 0, 0, 6, 989.79, 1075333, 591
1903, 0, 386, 476, 179, 7, 32.94%, 0, 0, 6, 1004.15, 1080413, 591
1908, 0, 386, 476, 179, 7, 32.94%, 0, 0, 6, 996.76, 1085479, 591
1913, 0, 386, 476, 179, 7, 32.94%, 0, 0, 6, 981.69, 1090457, 591
1918, 0, 386, 476, 179, 7, 32.94%, 0, 0, 6, 1004.12, 1095669, 591
1923, 0, 386, 476, 179, 7, 32.94%, 0, 0, 6, 1009.50, 1100889, 591
1928, 0, 386, 476, 179, 7, 32.94%, 0, 0, 6, 1000.05, 1106009, 591
1933, 0, 386, 476, 179, 7, 32.94%, 0, 0, 6, 1006.98, 1111189, 591
1938, 0, 377, 476, 179, 7, 32.94%, 0, 0, 6, 1026.87, 1116420, 591
1944, 0, 377, 476, 179, 7, 32.94%, 0, 0, 6, 1027.65, 1121660, 591
1949, 0, 377, 476, 179, 7, 32.94%, 0, 0, 6, 1014.52, 1126860, 591
1954, 0, 377, 476, 179, 7, 32.94%, 0, 0, 6, 988.82, 1131816, 591
1959, 0, 377, 476, 179, 7, 32.94%, 0, 0, 6, 977.22, 1136737, 591
1964, 0, 377, 495, 197, 7, 33.72%, 0, 0, 6, 40.41, 1140605, 605
1969, 0, 478, 519, 221, 28, 34.17%, 0, 0, 6, 793.27, 1144212, 613
1974, 0, 478, 519, 221, 28, 34.17%, 0, 0, 6, 933.18, 1149129, 613
1979, 0, 478, 519, 221, 28, 34.17%, 0, 0, 6, 902.55, 1153683, 613
1984, 0, 478, 519, 221, 28, 34.17%, 0, 0, 6, 952.26, 1158345, 613
1989, 0, 478, 519, 221, 28, 34.17%, 0, 0, 6, 984.99, 1163325, 613
1994, 0, 501, 519, 220, 27, 34.17%, 0, 0, 6, 731.75, 1166974, 613
1999, 0, 501, 519, 220, 27, 34.17%, 0, 0, 6, 845.56, 1171042, 613
2004, 0, 501, 519, 220, 27, 34.17%, 0, 0, 6, 867.35, 1175453, 613
2010, 0, 501, 519, 220, 27, 34.17%, 0, 0, 6, 895.65, 1180128, 613
2015, 0, 501, 519, 220, 27, 34.17%, 0, 0, 6, 886.56, 1184667, 613
2020, 0, 501, 519, 220, 27, 34.17%, 0, 0, 6, 838.76, 1188850, 613
2025, 0, 479, 519, 219, 26, 34.17%, 0, 0, 6, 919.92, 1193429, 613
2030, 0, 479, 519, 219, 26, 34.17%, 0, 0, 6, 998.55, 1198689, 613
2035, 0, 479, 519, 219, 26, 34.17%, 0, 0, 6, 1008.48, 1203863, 613
2040, 0, 479, 519, 219, 26, 34.17%, 0, 0, 6, 994.43, 1208835, 613
2045, 0, 479, 519, 219, 26, 34.17%, 0, 0, 6, 998.27, 1214041, 613
2050, 0, 483, 519, 218, 25, 34.17%, 0, 0, 6, 973.11, 1218984, 613
2056, 0, 483, 519, 218, 25, 34.17%, 0, 0, 6, 987.34, 1223696, 613
2061, 0, 483, 519, 218, 25, 34.17%, 0, 0, 6, 976.30, 1228172, 613
2066, 0, 483, 519, 218, 25, 34.17%, 0, 0, 6, 986.80, 1232892, 613
2071, 0, 483, 519, 218, 25, 34.17%, 0, 0, 6, 1009.82, 1238032, 613
2076, 0, 484, 519, 217, 24, 34.17%, 0, 0, 6, 1024.09, 1242961, 613
2081, 0, 484, 519, 217, 24, 34.17%, 0, 0, 6, 952.58, 1247677, 613
2086, 0, 484, 519, 217, 24, 34.17%, 0, 0, 6, 979.02, 1252028, 613
2091, 0, 484, 519, 217, 24, 34.17%, 0, 0, 6, 956.73, 1256854, 613
2096, 0, 484, 519, 217, 24, 34.17%, 0, 0, 6, 602.03, 1260636, 613
2101, 0, 486, 519, 216, 23, 34.17%, 0, 0, 6, 1002.77, 1265650, 613
2107, 0, 486, 519, 216, 23, 34.17%, 0, 0, 6, 1012.36, 1270890, 613
2112, 0, 486, 519, 216, 23, 34.17%, 0, 0, 6, 1004.02, 1275910, 613
2117, 0, 486, 519, 216, 23, 34.17%, 0, 0, 6, 970.73, 1280664, 613
2122, 0, 486, 519, 216, 23, 34.17%, 0, 0, 6, 1002.09, 1285890, 613
2127, 0, 512, 519, 215, 22, 34.17%, 0, 0, 6, 947.63, 1290739, 613
2132, 0, 512, 519, 215, 22, 34.17%, 0, 0, 6, 891.25, 1295268, 613
2137, 0, 512, 519, 215, 22, 34.17%, 0, 0, 6, 902.54, 1299909, 613
2142, 0, 512, 519, 215, 22, 34.17%, 0, 0, 6, 889.02, 1303633, 613
2147, 0, 512, 519, 215, 22, 34.17%, 0, 0, 6, 791.37, 1307048, 613
2152, 0, 512, 519, 215, 22, 34.17%, 0, 0, 6, 905.60, 1311638, 613
2158, 0, 480, 519, 214, 21, 34.17%, 0, 0, 6, 998.20, 1315287, 613
2163, 0, 480, 519, 214, 21, 34.17%, 0, 0, 6, 988.06, 1320170, 613
2168, 0, 480, 519, 214, 21, 34.17%, 0, 0, 6, 1015.54, 1324607, 613
2173, 0, 480, 519, 214, 21, 34.17%, 0, 0, 6, 960.60, 1329328, 613
2178, 0, 480, 519, 214, 21, 34.17%, 0, 0, 6, 945.37, 1333959, 613
2183, 0, 487, 519, 213, 20, 34.17%, 0, 0, 6, 986.03, 1338907, 613
2188, 0, 487, 519, 213, 20, 34.17%, 0, 0, 6, 1018.46, 1344056, 613
2193, 0, 487, 519, 213, 20, 34.17%, 0, 0, 6, 1023.65, 1349296, 613
2198, 0, 487, 519, 213, 20, 34.17%, 0, 0, 6, 974.51, 1354145, 613
2203, 0, 487, 519, 213, 20, 34.17%, 0, 0, 6, 964.76, 1358971, 613
2209, 0, 482, 519, 212, 19, 34.17%, 0, 0, 6, 950.68, 1363823, 613
2214, 0, 482, 519, 212, 19, 34.17%, 0, 0, 6, 959.06, 1368398, 613
2219, 0, 482, 519, 212, 19, 34.17%, 0, 0, 6, 975.27, 1373376, 613
2224, 0, 482, 519, 212, 19, 34.17%, 0, 0, 6, 979.46, 1378278, 613
2229, 0, 482, 519, 212, 19, 34.17%, 0, 0, 6, 978.74, 1383237, 613
2234, 0, 516, 519, 211, 18, 34.17%, 0, 0, 6, 946.80, 1387941, 613
2239, 0, 516, 519, 211, 18, 34.17%, 0, 0, 6, 868.44, 1392262, 613
2244, 0, 516, 519, 211, 18, 34.17%, 0, 0, 6, 864.86, 1396359, 613
2249, 0, 516, 519, 211, 18, 34.17%, 0, 0, 6, 870.57, 1400711, 613
2254, 0, 516, 519, 211, 18, 34.17%, 0, 0, 6, 894.79, 1405046, 613
2259, 0, 516, 519, 211, 18, 34.17%, 0, 0, 6, 966.37, 1410084, 613
2264, 0, 485, 519, 210, 17, 34.17%, 0, 0, 6, 952.27, 1414856, 613
2269, 0, 485, 519, 210, 17, 34.17%, 0, 0, 6, 966.50, 1419796, 613
2274, 0, 485, 519, 210, 17, 34.17%, 0, 0, 6, 942.40, 1424482, 613
2279, 0, 485, 519, 210, 17, 34.17%, 0, 0, 6, 990.93, 1429429, 613
2284, 0, 485, 519, 210, 17, 34.17%, 0, 0, 6, 1023.71, 1434660, 613
2289, 0, 517, 519, 209, 16, 34.17%, 0, 0, 6, 989.82, 1439728, 613
2294, 0, 517, 519, 209, 16, 34.17%, 0, 0, 6, 985.83, 1444649, 613
2300, 0, 517, 519, 209, 16, 34.17%, 0, 0, 6, 981.29, 1449608, 613
2305, 0, 517, 519, 209, 16, 34.17%, 0, 0, 6, 979.95, 1454586, 613
2310, 0, 517, 519, 209, 16, 34.17%, 0, 0, 6, 872.12, 1458999, 613
2315, 0, 451, 519, 208, 15, 34.17%, 0, 0, 6, 763.82, 1462728, 613
2320, 0, 451, 519, 208, 15, 34.17%, 0, 0, 6, 835.66, 1466987, 613
2325, 0, 451, 519, 208, 15, 34.17%, 0, 0, 6, 810.75, 1471051, 613
2330, 0, 451, 519, 208, 15, 34.17%, 0, 0, 6, 838.47, 1475051, 613
2335, 0, 451, 519, 208, 15, 34.17%, 0, 0, 6, 836.68, 1479211, 613
2340, 0, 451, 519, 208, 15, 34.17%, 0, 0, 6, 838.21, 1483355, 613
2345, 0, 504, 519, 208, 15, 34.17%, 0, 0, 6, 833.64, 1487446, 613
2350, 0, 504, 519, 208, 15, 34.17%, 0, 0, 6, 1055.60, 1491725, 613
2355, 0, 504, 519, 208, 15, 34.17%, 0, 0, 6, 1029.78, 1496970, 613
2361, 0, 504, 519, 208, 15, 34.17%, 0, 0, 6, 1064.30, 1501784, 613
2366, 0, 504, 519, 208, 15, 34.17%, 0, 0, 6, 949.36, 1506080, 613
2371, 0, 518, 519, 207, 14, 34.17%, 0, 0, 6, 184.11, 1510513, 613
2376, 0, 518, 519, 207, 14, 34.17%, 0, 0, 6, 994.21, 1514788, 613
2381, 0, 518, 519, 207, 14, 34.17%, 0, 0, 6, 963.77, 1519728, 613
2386, 0, 518, 519, 207, 14, 34.17%, 0, 0, 6, 961.50, 1524573, 613
2391, 0, 518, 519, 207, 14, 34.17%, 0, 0, 6, 960.12, 1529475, 613
2396, 0, 518, 519, 207, 14, 34.17%, 0, 0, 6, 981.63, 1533446, 613
2401, 0, 373, 519, 206, 13, 34.17%, 0, 0, 6, 1000.15, 1538338, 613
2407, 0, 373, 519, 206, 13, 34.17%, 0, 0, 6, 1098.90, 1544194, 613
2412, 0, 373, 519, 206, 13, 34.17%, 0, 0, 6, 1032.81, 1549312, 613
2417, 0, 373, 519, 206, 13, 34.17%, 0, 0, 6, 1011.49, 1554412, 613
2422, 0, 515, 519, 206, 13, 34.17%, 0, 0, 6, 1000.22, 1559478, 613
2427, 0, 515, 519, 206, 13, 34.17%, 0, 0, 6, 911.85, 1564078, 613
2433, 0, 515, 519, 206, 13, 34.17%, 0, 0, 6, 1.20, 1566594, 613
2438, 0, 515, 519, 206, 13, 34.17%, 0, 0, 6, 692.80, 1569609, 613
2443, 0, 515, 519, 206, 13, 34.17%, 0, 0, 6, 807.94, 1574090, 613
2448, 0, 515, 519, 206, 13, 34.17%, 0, 0, 6, 876.37, 1578408, 613
2453, 0, 515, 519, 206, 13, 34.17%, 0, 0, 6, 772.19, 1582288, 613
2459, 0, 515, 519, 206, 13, 34.17%, 0, 0, 6, 825.44, 1586394, 613
2464, 0, 515, 519, 206, 13, 34.17%, 0, 0, 6, 871.26, 1590852, 613
2469, 0, 515, 519, 205, 12, 34.17%, 0, 0, 6, 849.82, 1595247, 613
2474, 0, 515, 519, 205, 12, 34.17%, 0, 0, 6, 881.34, 1599735, 613
2479, 0, 515, 519, 205, 12, 34.17%, 0, 0, 6, 868.85, 1604155, 613
2484, 0, 515, 519, 205, 12, 34.17%, 0, 0, 6, 811.17, 1608250, 613
2490, 0, 515, 519, 205, 12, 34.17%, 0, 0, 6, 9.31, 1608917, 613
2495, 0, 515, 519, 205, 12, 34.17%, 0, 0, 6, 878.41, 1613386, 613
2500, 0, 515, 519, 205, 12, 34.17%, 0, 0, 6, 883.60, 1617857, 613
2505, 0, 515, 519, 205, 12, 34.17%, 0, 0, 6, 861.14, 1621716, 613
2510, 0, 476, 519, 205, 12, 34.17%, 0, 0, 6, 889.54, 1626070, 613
2515, 0, 476, 519, 205, 12, 34.17%, 0, 0, 6, 879.03, 1630405, 613
2520, 0, 218, 519, 204, 11, 34.17%, 0, 0, 6, 931.06, 1634619, 613
2525, 0, 218, 519, 204, 11, 34.17%, 0, 0, 6, 1108.19, 1640295, 613
2530, 0, 366, 519, 203, 11, 34.17%, 0, 0, 6, 1230.89, 1646759, 613
2535, 0, 477, 519, 203, 11, 34.17%, 0, 0, 6, 1264.16, 1653136, 613
2540, 0, 368, 519, 202, 10, 34.17%, 0, 0, 6, 949.90, 1657475, 613
2545, 0, 368, 519, 202, 10, 34.17%, 0, 0, 6, 982.47, 1662605, 613
2551, 0, 481, 519, 202, 10, 34.17%, 0, 0, 6, 965.80, 1666383, 613
2556, 0, 481, 519, 202, 10, 34.17%, 0, 0, 6, 987.95, 1671437, 613
2561, 0, 8, 519, 201, 9, 34.17%, 0, 0, 6, 987.28, 1676532, 613
2566, 0, 8, 519, 201, 9, 34.17%, 0, 0, 6, 1029.47, 1681745, 613
2571, 0, 420, 519, 201, 9, 34.17%, 0, 0, 6, 1029.87, 1687117, 613
2576, 0, 386, 519, 201, 9, 34.17%, 0, 0, 6, 961.39, 1692089, 613
2581, 0, 386, 519, 201, 9, 34.17%, 0, 0, 6, 1001.94, 1697289, 613
2586, 0, 485, 519, 201, 9, 34.17%, 0, 0, 6, 991.73, 1702305, 613
2591, 0, 373, 519, 201, 9, 34.17%, 0, 0, 6, 1010.80, 1707413, 613
2597, 0, 373, 519, 201, 9, 34.17%, 0, 0, 6, 981.84, 1712359, 613
2602, 0, 364, 519, 201, 9, 34.17%, 0, 0, 6, 877.50, 1716796, 613
2607, 0, 364, 519, 201, 9, 34.17%, 0, 0, 6, 775.72, 1720648, 613
2612, 0, 364, 519, 201, 9, 34.17%, 0, 0, 6, 767.07, 1724593, 613
2617, 0, 364, 519, 201, 9, 34.17%, 0, 0, 6, 763.93, 1728523, 613
2622, 0, 364, 519, 201, 9, 34.17%, 0, 0, 6, 713.13, 1732117, 613
2627, 0, 364, 519, 201, 9, 34.17%, 0, 0, 6, 754.90, 1736068, 613
2632, 0, 364, 519, 201, 9, 34.17%, 0, 0, 6, 702.47, 1739433, 613
2637, 0, 364, 519, 201, 9, 34.17%, 0, 0, 6, 772.20, 1743193, 613
2643, 0, 364, 519, 201, 9, 34.17%, 0, 0, 6, 762.83, 1747063, 613
2648, 0, 435, 519, 200, 9, 34.17%, 0, 0, 6, 926.45, 1751871, 613
2653, 0, 373, 519, 200, 9, 34.17%, 0, 0, 6, 983.27, 1756874, 613
2658, 0, 373, 519, 200, 9, 34.17%, 0, 0, 6, 1007.30, 1761543, 613
2663, 0, 475, 519, 200, 9, 34.17%, 0, 0, 6, 150.77, 1764170, 613
2669, 0, 475, 519, 200, 9, 34.17%, 0, 0, 6, 24.71, 1764306, 613
2674, 0, 475, 519, 200, 9, 34.17%, 0, 0, 6, 147.02, 1765007, 613
2679, 0, 475, 519, 200, 9, 34.17%, 0, 0, 6, 155.00, 1765738, 613
2684, 0, 475, 519, 200, 9, 34.17%, 0, 0, 6, 146.31, 1766429, 613
2690, 0, 475, 519, 200, 9, 34.17%, 0, 0, 6, 12.76, 1766908, 613
2695, 0, 475, 519, 200, 9, 34.17%, 0, 0, 6, 3.05, 1767041, 613
2700, 0, 475, 519, 200, 9, 34.17%, 0, 0, 6, 157.84, 1767356, 613
2705, 0, 475, 519, 200, 9, 34.17%, 0, 0, 6, 152.64, 1768052, 613
2711, 0, 475, 519, 200, 9, 34.17%, 0, 0, 6, 147.65, 1768785, 613
2716, 0, 475, 519, 200, 9, 34.17%, 0, 0, 6, 153.37, 1769570, 613
2721, 0, 475, 519, 200, 9, 34.17%, 0, 0, 6, 150.89, 1770305, 613
2726, 0, 475, 519, 200, 9, 34.17%, 0, 0, 6, 150.90, 1771058, 613
2731, 0, 475, 519, 200, 9, 34.17%, 0, 0, 6, 142.63, 1771749, 613
2736, 0, 475, 519, 200, 9, 34.17%, 0, 0, 6, 144.30, 1772450, 613
2741, 0, 475, 519, 200, 9, 34.17%, 0, 0, 6, 150.66, 1772885, 613
2746, 0, 475, 519, 200, 9, 34.17%, 0, 0, 6, 150.38, 1773605, 613
2751, 0, 475, 519, 200, 9, 34.17%, 0, 0, 6, 158.17, 1774244, 613
2756, 0, 475, 519, 200, 9, 34.17%, 0, 0, 6, 150.91, 1774988, 613
2761, 0, 475, 519, 200, 9, 34.17%, 0, 0, 6, 99.28, 1775699, 613
2766, 0, 475, 519, 200, 9, 34.17%, 0, 0, 6, 68.48, 1776084, 613
2771, 0, 475, 519, 200, 9, 34.17%, 0, 0, 6, 48.24, 1776270, 613
2777, 0, 475, 519, 200, 9, 34.17%, 0, 0, 6, 133.61, 1777041, 613
2782, 0, 475, 519, 200, 9, 34.17%, 0, 0, 6, 152.18, 1777847, 613
2787, 0, 475, 519, 200, 9, 34.17%, 0, 0, 6, 155.98, 1778639, 613
2792, 0, 475, 519, 200, 9, 34.17%, 0, 0, 6, 156.85, 1779431, 613
2797, 0, 475, 519, 200, 9, 34.17%, 0, 0, 6, 148.72, 1780208, 613
2802, 0, 475, 519, 200, 9, 34.17%, 0, 0, 6, 151.96, 1780973, 613
2808, 0, 475, 519, 200, 9, 34.17%, 0, 0, 6, 141.55, 1781723, 613
2813, 0, 475, 519, 200, 9, 34.17%, 0, 0, 6, 153.67, 1782518, 613
2818, 0, 475, 519, 200, 9, 34.17%, 0, 0, 6, 148.06, 1783175, 613
2823, 0, 475, 519, 200, 9, 34.17%, 0, 0, 6, 152.56, 1783940, 613
2828, 0, 475, 519, 200, 9, 34.17%, 0, 0, 6, 152.84, 1784717, 613
2833, 0, 475, 519, 200, 9, 34.17%, 0, 0, 6, 156.36, 1785509, 613
2838, 0, 475, 519, 200, 9, 34.17%, 0, 0, 6, 155.95, 1786328, 613
2843, 0, 475, 519, 200, 9, 34.17%, 0, 0, 6, 156.40, 1787117, 613
2848, 0, 475, 519, 200, 9, 34.17%, 0, 0, 6, 152.90, 1787894, 613
2854, 0, 475, 519, 200, 9, 34.17%, 0, 0, 6, 22.81, 1787943, 613
2859, 0, 475, 519, 200, 9, 34.17%, 0, 0, 6, 11.53, 1787975, 613
2864, 0, 475, 519, 200, 9, 34.17%, 0, 0, 6, 99.19, 1788299, 613
2869, 0, 373, 519, 199, 8, 34.17%, 0, 0, 6, 969.93, 1793414, 613
2874, 0, 373, 519, 199, 8, 34.17%, 0, 0, 6, 1021.57, 1798661, 613
2879, 0, 373, 519, 199, 8, 34.17%, 0, 0, 6, 994.97, 1803901, 613
2884, 0, 373, 519, 199, 8, 34.17%, 0, 0, 6, 1003.57, 1809001, 613
2889, 0, 470, 519, 199, 8, 34.17%, 0, 0, 6, 1023.83, 1814277, 613
2894, 0, 470, 519, 199, 8, 34.17%, 0, 0, 6, 952.28, 1818427, 613
2900, 0, 470, 519, 199, 8, 34.17%, 0, 0, 6, 1003.94, 1823677, 613
2905, 0, 470, 519, 199, 8, 34.17%, 0, 0, 6, 1005.21, 1828817, 613
2910, 0, 470, 519, 199, 8, 34.17%, 0, 0, 6, 1003.24, 1833897, 613
2915, 0, 470, 519, 199, 8, 34.17%, 0, 0, 6, 1005.37, 1839093, 613
2920, 0, 470, 519, 199, 8, 34.17%, 0, 0, 6, 1008.26, 1844313, 613
2925, 0, 470, 519, 199, 8, 34.17%, 0, 0, 6, 1004.06, 1849473, 613
2930, 0, 470, 519, 199, 8, 34.17%, 0, 0, 6, 1008.27, 1854673, 613
2936, 0, 470, 519, 199, 8, 34.17%, 0, 0, 6, 919.35, 1858913, 613
2941, 0, 371, 519, 199, 8, 34.17%, 0, 0, 6, 974.06, 1863912, 613
2946, 0, 371, 519, 199, 8, 34.17%, 0, 0, 6, 980.89, 1868909, 613
2951, 0, 371, 519, 199, 8, 34.17%, 0, 0, 6, 996.54, 1873887, 613
2956, 0, 371, 519, 199, 8, 34.17%, 0, 0, 6, 991.30, 1878903, 613
2961, 0, 371, 519, 199, 8, 34.17%, 0, 0, 6, 999.24, 1883900, 613
2966, 0, 388, 519, 199, 8, 34.17%, 0, 0, 6, 985.83, 1888906, 613
2971, 0, 388, 519, 199, 8, 34.17%, 0, 0, 6, 979.61, 1893922, 613
2976, 0, 388, 519, 199, 8, 34.17%, 0, 0, 6, 985.63, 1898938, 613
2981, 0, 388, 519, 199, 8, 34.17%, 0, 0, 6, 985.62, 1903954, 613
2986, 0, 388, 519, 199, 8, 34.17%, 0, 0, 6, 986.75, 1908951, 613
2991, 0, 372, 519, 199, 8, 34.17%, 0, 0, 6, 968.29, 1913748, 613
2996, 0, 372, 519, 199, 8, 34.17%, 0, 0, 6, 929.14, 1918529, 613
3001, 0, 372, 519, 199, 8, 34.17%, 0, 0, 6, 956.37, 1923153, 613
3007, 0, 372, 519, 199, 8, 34.17%, 0, 0, 6, 890.05, 1927354, 613
3012, 0, 372, 519, 199, 8, 34.17%, 0, 0, 6, 954.96, 1932083, 613
3017, 0, 445, 519, 199, 8, 34.17%, 0, 0, 6, 952.19, 1936733, 613
3022, 0, 445, 519, 199, 8, 34.17%, 0, 0, 6, 995.29, 1941953, 613
3027, 0, 445, 519, 199, 8, 34.17%, 0, 0, 6, 951.36, 1946327, 613
3032, 0, 445, 519, 199, 8, 34.17%, 0, 0, 6, 994.38, 1951339, 613
3037, 0, 445, 519, 199, 8, 34.17%, 0, 0, 6, 981.23, 1955899, 613
3043, 0, 373, 519, 199, 8, 34.17%, 0, 0, 6, 977.64, 1960886, 613
3048, 0, 373, 519, 199, 8, 34.17%, 0, 0, 6, 1040.00, 1965012, 613
3053, 0, 373, 519, 199, 8, 34.17%, 0, 0, 6, 923.78, 1969679, 613
3058, 0, 373, 519, 199, 8, 34.17%, 0, 0, 6, 1009.95, 1974893, 613
3063, 0, 373, 519, 199, 8, 34.17%, 0, 0, 6, 1030.23, 1980133, 613
3068, 0, 378, 519, 199, 8, 34.17%, 0, 0, 6, 1032.71, 1985369, 613
3073, 0, 378, 519, 199, 8, 34.17%, 0, 0, 6, 1030.64, 1990509, 613
3078, 0, 378, 519, 199, 8, 34.17%, 0, 0, 6, 1008.45, 1995309, 613
3084, 0, 378, 519, 199, 8, 34.17%, 0, 0, 6, 918.76, 1999807, 613
3089, 0, 378, 519, 199, 8, 34.17%, 0, 0, 6, 966.27, 2004538, 613
3094, 0, 378, 519, 199, 8, 34.17%, 0, 0, 6, 670.77, 2007329, 613
3099, 0, 386, 519, 199, 8, 34.17%, 0, 0, 6, 911.73, 2011991, 613
3104, 0, 386, 519, 199, 8, 34.17%, 0, 0, 6, 979.88, 2017125, 613
3109, 0, 386, 519, 199, 8, 34.17%, 0, 0, 6, 972.23, 2022065, 613
3114, 0, 386, 519, 199, 8, 34.17%, 0, 0, 6, 1004.97, 2027325, 613
3119, 0, 386, 519, 199, 8, 34.17%, 0, 0, 6, 989.97, 2032287, 613
3124, 0, 373, 519, 199, 8, 34.17%, 0, 0, 6, 1029.93, 2037041, 613
3129, 0, 373, 519, 199, 8, 34.17%, 0, 0, 6, 1028.32, 2042281, 613
3134, 0, 373, 519, 199, 8, 34.17%, 0, 0, 6, 995.58, 2047116, 613
3140, 0, 373, 519, 199, 8, 34.17%, 0, 0, 6, 161.62, 2051321, 613
3145, 0, 373, 519, 199, 8, 34.17%, 0, 0, 6, 955.80, 2054678, 613
3150, 0, 394, 519, 199, 8, 34.17%, 0, 0, 6, 1017.48, 2060017, 613
3155, 0, 394, 519, 199, 8, 34.17%, 0, 0, 6, 1015.27, 2065197, 613
3160, 0, 394, 519, 199, 8, 34.17%, 0, 0, 6, 1010.70, 2070377, 613
3165, 0, 394, 519, 199, 8, 34.17%, 0, 0, 6, 1010.15, 2074897, 613
3170, 0, 394, 519, 199, 8, 34.17%, 0, 0, 6, 943.63, 2079647, 613
3175, 0, 373, 519, 199, 8, 34.17%, 0, 0, 6, 1016.69, 2083833, 613
3183, 0, 373, 519, 199, 8, 34.17%, 0, 0, 6, 17.69, 2088193, 613
3188, 0, 373, 519, 199, 8, 34.17%, 0, 0, 6, 992.23, 2091613, 613
3193, 0, 373, 519, 199, 8, 34.17%, 0, 0, 6, 1028.36, 2096893, 613
3198, 0, 373, 519, 199, 8, 34.17%, 0, 0, 6, 1020.14, 2102073, 613
3204, 0, 373, 519, 199, 8, 34.17%, 0, 0, 6, 1001.97, 2107333, 613
3209, 0, 373, 519, 199, 8, 34.17%, 0, 0, 6, 978.84, 2112009, 613
3214, 0, 373, 519, 199, 8, 34.17%, 0, 0, 6, 953.24, 2117006, 613
3220, 0, 373, 519, 199, 8, 34.17%, 0, 0, 6, 953.66, 2120806, 613
3225, 0, 373, 519, 199, 8, 34.17%, 0, 0, 6, 1021.22, 2125589, 613
3230, 0, 373, 519, 199, 8, 34.17%, 0, 0, 6, 1175.96, 2131887, 613
3235, 0, 516, 519, 199, 8, 34.17%, 0, 0, 6, 1057.84, 2137109, 613
3240, 0, 516, 519, 199, 8, 34.17%, 0, 0, 6, 1040.10, 2142305, 613
3245, 0, 516, 519, 199, 8, 34.17%, 0, 0, 6, 1040.33, 2147585, 613
3250, 0, 516, 519, 199, 8, 34.17%, 0, 0, 6, 1040.16, 2152845, 613
3255, 0, 375, 519, 199, 8, 34.17%, 0, 0, 6, 1039.99, 2158121, 613
3260, 0, 375, 519, 199, 8, 34.17%, 0, 0, 6, 980.49, 2162966, 613
3265, 0, 375, 519, 199, 8, 34.17%, 0, 0, 6, 1050.23, 2168461, 613
3270, 0, 375, 519, 199, 8, 34.17%, 0, 0, 6, 1014.42, 2172921, 613
3276, 0, 375, 519, 199, 8, 34.17%, 0, 0, 6, 1068.97, 2178506, 613
3281, 0, 386, 519, 199, 8, 34.17%, 0, 0, 6, 1085.36, 2184014, 613
3286, 0, 386, 519, 199, 8, 34.17%, 0, 0, 6, 971.54, 2188549, 613
3291, 0, 386, 519, 199, 8, 34.17%, 0, 0, 6, 1051.44, 2193863, 613
3296, 0, 386, 519, 199, 8, 34.17%, 0, 0, 6, 1028.37, 2198877, 613
3301, 0, 386, 519, 199, 8, 34.17%, 0, 0, 6, 885.15, 2203113, 613
3306, 0, 373, 519, 199, 8, 34.17%, 0, 0, 6, 956.07, 2207824, 613
3311, 0, 373, 519, 199, 8, 34.17%, 0, 0, 6, 1000.27, 2212353, 613
3316, 0, 373, 519, 199, 8, 34.17%, 0, 0, 6, 888.55, 2216163, 613
3322, 0, 373, 519, 199, 8, 34.17%, 0, 0, 6, 1100.33, 2221883, 613
3327, 0, 373, 519, 199, 8, 34.17%, 0, 0, 6, 1222.03, 2228141, 613
3332, 0, 386, 519, 199, 8, 34.17%, 0, 0, 6, 1045.03, 2233229, 613
3337, 0, 386, 519, 199, 8, 34.17%, 0, 0, 6, 1004.34, 2238309, 613
3342, 0, 386, 519, 199, 8, 34.17%, 0, 0, 6, 989.00, 2243211, 613
3347, 0, 386, 519, 199, 8, 34.17%, 0, 0, 6, 996.85, 2248398, 613
3352, 0, 386, 519, 199, 8, 34.17%, 0, 0, 6, 929.00, 2253047, 613
3357, 0, 373, 519, 199, 8, 34.17%, 0, 0, 6, 887.04, 2256832, 613
3362, 0, 373, 519, 199, 8, 34.17%, 0, 0, 6, 939.40, 2261495, 613
3368, 0, 373, 519, 199, 8, 34.17%, 0, 0, 6, 1003.57, 2266625, 613
3373, 0, 373, 519, 199, 8, 34.17%, 0, 0, 6, 1002.38, 2271645, 613
3378, 0, 373, 519, 199, 8, 34.17%, 0, 0, 6, 1001.04, 2276785, 613
3383, 0, 472, 519, 199, 8, 34.17%, 0, 0, 6, 1003.83, 2281861, 613
3388, 0, 472, 519, 199, 8, 34.17%, 0, 0, 6, 991.05, 2286853, 613
3393, 0, 472, 519, 199, 8, 34.17%, 0, 0, 6, 967.78, 2291774, 613
3398, 0, 472, 519, 199, 8, 34.17%, 0, 0, 6, 960.16, 2296714, 613
3403, 0, 472, 519, 199, 8, 34.17%, 0, 0, 6, 940.27, 2301335, 613
3408, 0, 386, 519, 199, 8, 34.17%, 0, 0, 6, 902.37, 2305913, 613
3413, 0, 386, 519, 199, 8, 34.17%, 0, 0, 6, 965.14, 2310080, 613
3418, 0, 386, 519, 199, 8, 34.17%, 0, 0, 6, 983.07, 2315096, 613
3424, 0, 386, 519, 199, 8, 34.17%, 0, 0, 6, 986.24, 2320112, 613
3429, 0, 386, 519, 199, 8, 34.17%, 0, 0, 6, 967.37, 2324824, 613
3434, 0, 480, 519, 199, 8, 34.17%, 0, 0, 6, 883.67, 2329373, 613
3439, 0, 480, 519, 199, 8, 34.17%, 0, 0, 6, 933.21, 2334071, 613
3444, 0, 480, 519, 199, 8, 34.17%, 0, 0, 6, 974.90, 2339121, 613
3449, 0, 480, 519, 199, 8, 34.17%, 0, 0, 6, 990.54, 2344118, 613
3454, 0, 480, 519, 199, 8, 34.17%, 0, 0, 6, 986.81, 2349153, 613
3460, 0, 480, 519, 199, 8, 34.17%, 0, 0, 6, 878.95, 2353561, 613
3465, 0, 386, 519, 199, 8, 34.17%, 0, 0, 6, 968.24, 2358529, 613
3470, 0, 386, 519, 199, 8, 34.17%, 0, 0, 6, 928.99, 2363165, 613
3475, 0, 386, 519, 199, 8, 34.17%, 0, 0, 6, 969.93, 2368086, 613
3480, 0, 386, 519, 199, 8, 34.17%, 0, 0, 6, 891.35, 2372507, 613
3485, 0, 386, 519, 199, 8, 34.17%, 0, 0, 6, 968.35, 2377301, 613
3490, 0, 383, 519, 199, 8, 34.17%, 0, 0, 6, 991.21, 2382174, 613
3495, 0, 383, 519, 199, 8, 34.17%, 0, 0, 6, 1006.31, 2386805, 613
3500, 0, 383, 519, 199, 8, 34.17%, 0, 0, 6, 967.36, 2391731, 613
3506, 0, 383, 519, 199, 8, 34.17%, 0, 0, 6, 973.72, 2396652, 613
3511, 0, 383, 519, 199, 8, 34.17%, 0, 0, 6, 989.59, 2401668, 613
3516, 0, 373, 519, 199, 8, 34.17%, 0, 0, 6, 1006.10, 2406741, 613
3521, 0, 373, 519, 199, 8, 34.17%, 0, 0, 6, 989.82, 2411766, 613
3526, 0, 373, 519, 199, 8, 34.17%, 0, 0, 6, 1005.78, 2416841, 613
3531, 0, 373, 519, 199, 8, 34.17%, 0, 0, 6, 997.51, 2421912, 613
3536, 0, 373, 519, 199, 8, 34.17%, 0, 0, 6, 1014.43, 2427061, 613
3541, 0, 386, 519, 199, 8, 34.17%, 0, 0, 6, 986.97, 2431972, 613
3546, 0, 386, 519, 199, 8, 34.17%, 0, 0, 6, 956.40, 2436912, 613
3551, 0, 386, 519, 199, 8, 34.17%, 0, 0, 6, 936.04, 2441519, 613
3556, 0, 386, 519, 199, 8, 34.17%, 0, 0, 6, 974.22, 2446488, 613
3561, 0, 386, 519, 199, 8, 34.17%, 0, 0, 6, 905.70, 2450699, 613
3566, 0, 218, 519, 199, 8, 34.17%, 0, 0, 6, 933.29, 2455133, 613
3571, 0, 218, 519, 199, 8, 34.17%, 0, 0, 6, 947.39, 2459777, 613
3577, 0, 218, 519, 199, 8, 34.17%, 0, 0, 6, 959.66, 2464585, 613
3582, 0, 218, 519, 199, 8, 34.17%, 0, 0, 6, 967.72, 2469601, 613
3587, 0, 218, 519, 199, 8, 34.17%, 0, 0, 6, 968.70, 2474560, 613
3592, 0, 373, 519, 199, 8, 34.17%, 0, 0, 6, 991.04, 2479566, 613
3597, 0, 373, 519, 199, 8, 34.17%, 0, 0, 6, 997.67, 2484487, 613
3602, 0, 373, 519, 199, 8, 34.17%, 0, 0, 6, 148.76, 2488763, 613
3607, 0, 373, 519, 199, 8, 34.17%, 0, 0, 6, 963.78, 2493531, 613
3613, 0, 373, 519, 199, 8, 34.17%, 0, 0, 6, 958.92, 2498699, 613
3618, 0, 373, 519, 199, 8, 34.17%, 0, 0, 6, 1004.25, 2503245, 613
3623, 0, 373, 519, 199, 8, 34.17%, 0, 0, 6, 1006.30, 2508365, 613
3628, 0, 373, 519, 199, 8, 34.17%, 0, 0, 6, 1047.58, 2513865, 613
3633, 0, 373, 519, 199, 8, 34.17%, 0, 0, 6, 1019.62, 2519025, 613
3638, 0, 373, 519, 199, 8, 34.17%, 0, 0, 6, 1004.54, 2524045, 613
3643, 0, 515, 519, 199, 8, 34.17%, 0, 0, 6, 906.28, 2528555, 613
3648, 0, 515, 519, 199, 8, 34.17%, 0, 0, 6, 867.14, 2532982, 613
3654, 0, 515, 519, 199, 8, 34.17%, 0, 0, 6, 845.63, 2537077, 613
3659, 0, 515, 519, 199, 8, 34.17%, 0, 0, 6, 838.22, 2541269, 613
3664, 0, 515, 519, 199, 8, 34.17%, 0, 0, 6, 817.50, 2545141, 613
3669, 0, 515, 519, 199, 8, 34.17%, 0, 0, 6, 827.55, 2549253, 613
3674, 0, 515, 519, 199, 8, 34.17%, 0, 0, 6, 850.78, 2553654, 613
3679, 0, 515, 519, 199, 8, 34.17%, 0, 0, 6, 849.91, 2558021, 613
3684, 0, 386, 519, 199, 8, 34.17%, 0, 0, 6, 992.75, 2562512, 613
3689, 0, 373, 519, 199, 8, 34.17%, 0, 0, 6, 983.66, 2567303, 613
3695, 0, 373, 519, 199, 8, 34.17%, 0, 0, 6, 979.92, 2571461, 613
3704, 0, 373, 519, 199, 8, 34.17%, 0, 0, 6, 5.30, 2573934, 613
3709, 0, 495, 519, 199, 8, 34.17%, 0, 0, 6, 56.88, 2574945, 613
3714, 0, 495, 519, 199, 8, 34.17%, 0, 0, 6, 59.70, 2575229, 613
3719, 0, 495, 519, 199, 8, 34.17%, 0, 0, 6, 24.15, 2575376, 613
3724, 0, 495, 519, 199, 8, 34.17%, 0, 0, 6, 43.95, 2575577, 613
3730, 0, 495, 519, 199, 8, 34.17%, 0, 0, 6, 60.03, 2575901, 613
3735, 0, 495, 519, 199, 8, 34.17%, 0, 0, 6, 61.97, 2576193, 613
3740, 0, 495, 519, 199, 8, 34.17%, 0, 0, 6, 64.04, 2576485, 613
3745, 0, 495, 519, 199, 8, 34.17%, 0, 0, 6, 59.74, 2576763, 613
3750, 0, 495, 519, 199, 8, 34.17%, 0, 0, 6, 63.33, 2577088, 613
3755, 0, 495, 519, 199, 8, 34.17%, 0, 0, 6, 63.62, 2577412, 613
3760, 0, 495, 519, 199, 8, 34.17%, 0, 0, 6, 64.07, 2577738, 613
3765, 0, 495, 519, 199, 8, 34.17%, 0, 0, 6, 63.96, 2578069, 613
3770, 0, 495, 519, 199, 8, 34.17%, 0, 0, 6, 64.68, 2578398, 613
3775, 0, 495, 519, 199, 8, 34.17%, 0, 0, 6, 53.88, 2578615, 613
3780, 0, 495, 519, 199, 8, 34.17%, 0, 0, 6, 61.66, 2578928, 613
3786, 0, 495, 519, 199, 8, 34.17%, 0, 0, 6, 62.67, 2579253, 613
3791, 0, 495, 519, 199, 8, 34.17%, 0, 0, 6, 64.19, 2579582, 613
3796, 0, 495, 519, 199, 8, 34.17%, 0, 0, 6, 63.70, 2579910, 613
3801, 0, 495, 519, 199, 8, 34.17%, 0, 0, 6, 64.70, 2580214, 613
3806, 0, 495, 519, 199, 8, 34.17%, 0, 0, 6, 65.20, 2580544, 613
3811, 0, 495, 519, 199, 8, 34.17%, 0, 0, 6, 64.45, 2580832, 613
3816, 0, 495, 519, 199, 8, 34.17%, 0, 0, 6, 64.31, 2581153, 613
3821, 0, 495, 519, 199, 8, 34.17%, 0, 0, 6, 64.91, 2581488, 613
3826, 0, 495, 519, 199, 8, 34.17%, 0, 0, 6, 65.07, 2581814, 613
3832, 0, 495, 519, 199, 8, 34.17%, 0, 0, 6, 64.81, 2582146, 613
3837, 0, 495, 519, 199, 8, 34.17%, 0, 0, 6, 64.62, 2582476, 613
3842, 0, 495, 519, 199, 8, 34.17%, 0, 0, 6, 63.99, 2582798, 613
3847, 0, 495, 519, 199, 8, 34.17%, 0, 0, 6, 59.52, 2583107, 613
3852, 0, 495, 519, 199, 8, 34.17%, 0, 0, 6, 63.41, 2583402, 613
3857, 0, 495, 519, 199, 8, 34.17%, 0, 0, 6, 64.17, 2583727, 613
3862, 0, 495, 519, 199, 8, 34.17%, 0, 0, 6, 58.87, 2583997, 613
3867, 0, 495, 519, 199, 8, 34.17%, 0, 0, 6, 64.06, 2584308, 613
3872, 0, 495, 519, 199, 8, 34.17%, 0, 0, 6, 65.03, 2584635, 613
3877, 0, 495, 519, 199, 8, 34.17%, 0, 0, 6, 62.33, 2584959, 613
3882, 0, 495, 519, 199, 8, 34.17%, 0, 0, 6, 64.88, 2585288, 613
3887, 0, 495, 519, 199, 8, 34.17%, 0, 0, 6, 65.60, 2585621, 613
3893, 0, 495, 519, 199, 8, 34.17%, 0, 0, 6, 62.07, 2585938, 613
3898, 0, 495, 519, 199, 8, 34.17%, 0, 0, 6, 55.46, 2586229, 613
3903, 0, 495, 519, 199, 8, 34.17%, 0, 0, 6, 63.34, 2586560, 613
3908, 0, 495, 519, 199, 8, 34.17%, 0, 0, 6, 65.20, 2586895, 613
3913, 0, 495, 519, 199, 8, 34.17%, 0, 0, 6, 64.66, 2587230, 613
3918, 0, 495, 519, 199, 8, 34.17%, 0, 0, 6, 64.77, 2587562, 613
3923, 0, 495, 519, 199, 8, 34.17%, 0, 0, 6, 65.03, 2587889, 613
3928, 0, 495, 519, 199, 8, 34.17%, 0, 0, 6, 65.04, 2588202, 613
3934, 0, 495, 519, 199, 8, 34.17%, 0, 0, 6, 64.77, 2588534, 613
3939, 0, 495, 519, 199, 8, 34.17%, 0, 0, 6, 64.57, 2588866, 613
3944, 0, 495, 519, 199, 8, 34.17%, 0, 0, 6, 10.60, 2589168, 613
3949, 0, 495, 519, 199, 8, 34.17%, 0, 0, 6, 63.86, 2589493, 613
3954, 0, 495, 519, 199, 8, 34.17%, 0, 0, 6, 59.79, 2589782, 613
3959, 0, 495, 519, 199, 8, 34.17%, 0, 0, 6, 64.36, 2590046, 613
3964, 0, 495, 519, 199, 8, 34.17%, 0, 0, 6, 64.26, 2590363, 613
3970, 0, 495, 519, 199, 8, 34.17%, 0, 0, 6, 62.52, 2590660, 613
3975, 0, 495, 519, 199, 8, 34.17%, 0, 0, 6, 63.67, 2590983, 613
3980, 0, 495, 519, 199, 8, 34.17%, 0, 0, 6, 14.24, 2591142, 613
3986, 0, 495, 519, 199, 8, 34.17%, 0, 0, 6, 46.59, 2591382, 613
3991, 0, 495, 519, 199, 8, 34.17%, 0, 0, 6, 61.67, 2591714, 613
3996, 0, 495, 519, 199, 8, 34.17%, 0, 0, 6, 61.53, 2592022, 613
4001, 0, 495, 519, 199, 8, 34.17%, 0, 0, 6, 63.72, 2592354, 613
4006, 0, 495, 519, 199, 8, 34.17%, 0, 0, 6, 65.06, 2592682, 613
4011, 0, 495, 519, 199, 8, 34.17%, 0, 0, 6, 64.29, 2592983, 613
4016, 0, 495, 519, 199, 8, 34.17%, 0, 0, 6, 65.63, 2593264, 613
4021, 0, 495, 519, 199, 8, 34.17%, 0, 0, 6, 5.33, 2593360, 613
4026, 0, 495, 519, 199, 8, 34.17%, 0, 0, 6, 51.10, 2593500, 613
4032, 0, 495, 519, 199, 8, 34.17%, 0, 0, 6, 62.09, 2593837, 613
4037, 0, 495, 519, 199, 8, 34.17%, 0, 0, 6, 11.45, 2594115, 613
4042, 0, 495, 519, 199, 8, 34.17%, 0, 0, 6, 65.24, 2594444, 613
4047, 0, 495, 519, 199, 8, 34.17%, 0, 0, 6, 60.56, 2594725, 613
4052, 0, 495, 519, 199, 8, 34.17%, 0, 0, 6, 11.83, 2594968, 613
4057, 0, 495, 519, 199, 8, 34.17%, 0, 0, 6, 58.72, 2595237, 613
4062, 0, 495, 519, 199, 8, 34.17%, 0, 0, 6, 55.72, 2595466, 613
4067, 0, 495, 519, 199, 8, 34.17%, 0, 0, 6, 57.33, 2595765, 613
4072, 0, 495, 519, 199, 8, 34.17%, 0, 0, 6, 64.36, 2596062, 613
4078, 0, 495, 519, 199, 8, 34.17%, 0, 0, 6, 59.56, 2596360, 613
4083, 0, 495, 519, 199, 8, 34.17%, 0, 0, 6, 16.56, 2596477, 613
4088, 0, 495, 519, 199, 8, 34.17%, 0, 0, 6, 52.46, 2596803, 613
4093, 0, 495, 519, 199, 8, 34.17%, 0, 0, 6, 63.83, 2596987, 613
4098, 0, 495, 519, 199, 8, 34.17%, 0, 0, 6, 62.29, 2597292, 613
4103, 0, 495, 519, 199, 8, 34.17%, 0, 0, 6, 63.90, 2597618, 613
4108, 0, 495, 519, 199, 8, 34.17%, 0, 0, 6, 64.67, 2597951, 613
4113, 0, 495, 519, 199, 8, 34.17%, 0, 0, 6, 64.54, 2598228, 613
4119, 0, 495, 519, 199, 8, 34.17%, 0, 0, 6, 63.06, 2598520, 613
4124, 0, 495, 519, 199, 8, 34.17%, 0, 0, 6, 63.83, 2598776, 613
4129, 0, 495, 519, 199, 8, 34.17%, 0, 0, 6, 51.92, 2598990, 613
4134, 0, 495, 519, 199, 8, 34.17%, 0, 0, 6, 1.00, 2599137, 613
4140, 0, 495, 519, 199, 8, 34.17%, 0, 0, 6, 36.95, 2599205, 613
4145, 0, 495, 519, 199, 8, 34.17%, 0, 0, 6, 51.49, 2599487, 613
4150, 0, 495, 519, 199, 8, 34.17%, 0, 0, 6, 62.13, 2599812, 613
4155, 0, 495, 519, 199, 8, 34.17%, 0, 0, 6, 65.13, 2600145, 613
4160, 0, 495, 519, 199, 8, 34.17%, 0, 0, 6, 64.32, 2600469, 613
4165, 0, 495, 519, 199, 8, 34.17%, 0, 0, 6, 65.35, 2600798, 613
4170, 0, 495, 519, 199, 8, 34.17%, 0, 0, 6, 65.31, 2601138, 613
4175, 0, 495, 519, 199, 8, 34.17%, 0, 0, 6, 65.47, 2601468, 613
4180, 0, 495, 519, 199, 8, 34.17%, 0, 0, 6, 63.94, 2601789, 613
4185, 0, 495, 519, 199, 8, 34.17%, 0, 0, 6, 62.97, 2602106, 613
4191, 0, 495, 519, 199, 8, 34.17%, 0, 0, 6, 61.68, 2602426, 613
4196, 0, 495, 519, 199, 8, 34.17%, 0, 0, 6, 63.18, 2602740, 613
4201, 0, 495, 519, 199, 8, 34.17%, 0, 0, 6, 58.90, 2602974, 613
4206, 0, 495, 519, 199, 8, 34.17%, 0, 0, 6, 6.88, 2603121, 613
4211, 0, 495, 519, 199, 8, 34.17%, 0, 0, 6, 56.85, 2603355, 613
4216, 0, 495, 519, 199, 8, 34.17%, 0, 0, 6, 62.93, 2603681, 613
4222, 0, 495, 519, 199, 8, 34.17%, 0, 0, 6, 64.52, 2604016, 613
4227, 0, 495, 519, 199, 8, 34.17%, 0, 0, 6, 64.86, 2604350, 613
4232, 0, 495, 519, 199, 8, 34.17%, 0, 0, 6, 62.14, 2604668, 613
4237, 0, 495, 519, 199, 8, 34.17%, 0, 0, 6, 36.20, 2604839, 613
4242, 0, 495, 519, 199, 8, 34.17%, 0, 0, 6, 51.25, 2605100, 613
4247, 0, 495, 519, 199, 8, 34.17%, 0, 0, 6, 60.29, 2605372, 613
4252, 0, 495, 519, 199, 8, 34.17%, 0, 0, 6, 64.29, 2605700, 613
4257, 0, 495, 519, 199, 8, 34.17%, 0, 0, 6, 63.49, 2606026, 613
4262, 0, 495, 519, 199, 8, 34.17%, 0, 0, 6, 64.09, 2606355, 613
4268, 0, 495, 519, 199, 8, 34.17%, 0, 0, 6, 64.41, 2606679, 613
4273, 0, 495, 519, 199, 8, 34.17%, 0, 0, 6, 61.45, 2606975, 613
4277, 0, 495, 519, 199, 8, 34.17%, 0, 0, 6, 16.54, 2607109, 613
